0.100911	356181	1733020
0.103041	302176	3076220
0.106146	356180	3076220
0.108574	309935	389820
0.10935	510978	1733020
0.111212	386929	1733020
0.116233	255854	389820
0.117213	248225	1733020
0.118294	688780	389820
0.118915	440715	389820
0.119725	240438	389820
0.120127	232728	1733020
0.120635	688782	389820
0.123366	7834	1733020
0.124702	510982	389820
0.12859	163165	389820
0.131478	604096	1733020
0.132223	7836	389820
0.134115	100660	3076220
0.134339	371633	389820
0.139319	294512	3076220
0.141036	681081	1733020
0.141195	386934	389820
0.143867	417789	3076220
0.144426	217398	1733020
0.146968	596309	3076220
0.147993	580710	3076220
0.14844	15627	3076220
0.149656	518729	1733020
0.150053	348602	1733020
0.151393	302178	1733020
0.153616	688787	1733020
0.153845	217400	389820
0.154784	440718	1733020
0.15494	271341	1733020
0.155827	271343	389820
0.156185	448494	1733020
0.156233	286865	3076220
0.15709	7840	389820
0.157106	464278	389820
0.158314	386937	3076220
0.159126	549568	389820
0.159744	294515	3076220
0.160025	402292	3076220
0.160096	286867	3076220
0.160187	225075	1733020
0.16195	225076	389820
0.162083	363878	3076220
0.163627	518730	3076220
0.163984	139480	1733020
0.16498	100668	389820
0.165552	69680	3076220
0.165905	650095	3076220
0.165907	394607	389820
0.166132	526712	389820
0.166136	673284	3076220
0.167641	549563	1733020
0.16852	681086	3076220
0.171081	673285	389820
0.171543	394609	1733020
0.171815	379297	1733020
0.174156	325225	3076220
0.174353	526715	389820
0.174768	325226	1733020
0.175765	534243	1733020
0.176017	604101	389820
0.178957	7843	389820
0.179336	171030	389820
0.179524	286871	389820
0.180546	325227	389820
0.180865	549571	1733020
0.181104	108460	1733020
0.182047	611630	3076220
0.182369	225079	1733020
0.18245	171032	1733020
0.182522	279157	1733020
0.184775	448500	389820
0.185462	302183	389820
0.187242	147363	389820
0.187792	77364	3076220
0.187871	155207	1733020
0.18877	650097	1733020
0.189825	596316	3076220
0.191312	619411	3076220
0.191471	286875	3076220
0.191496	163171	1733020
0.191949	217404	3076220
0.193039	464288	1733020
0.193338	619416	1733020
0.193481	688793	389820
0.193661	526717	1733020
0.193692	510992	3076220
0.194415	619417	389820
0.194583	495423	3076220
0.194741	472080	389820
0.195319	54355	1733020
0.195464	209658	389820
0.196583	371640	1733020
0.196671	255858	1733020
0.197421	448496	3076220
0.197523	54356	1733020
0.198087	163173	1733020
0.198255	448498	1733020
0.198365	472082	1733020
0.198763	23370	3076220
0.200028	209659	389820
0.201984	386941	3076220
0.203269	302184	1733020
0.203307	286881	1733020
0.203563	263633	3076220
0.203726	340846	389820
0.203794	186465	3076220
0.204324	472071	3076220
0.204629	54358	389820
0.205157	386946	389820
0.206284	333059	389820
0.206756	225081	1733020
0.207185	123866	389820
0.207214	209664	389820
0.207779	263635	3076220
0.208618	263636	3076220
0.208648	123867	389820
0.209211	248234	3076220
0.20967	23371	1733020
0.20995	116152	1733020
0.210137	62007	1733020
0.210275	619421	389820
0.210683	62009	3076220
0.210856	62008	389820
0.211114	534250	1733020
0.211271	681095	389820
0.213093	38850	3076220
0.213195	534248	3076220
0.213361	46613	389820
0.21347	232743	1733020
0.214379	363890	3076220
0.214899	526720	3076220
0.215037	302190	389820
0.215374	7849	1733020
0.215851	62010	3076220
0.216594	487722	3076220
0.216969	116153	389820
0.216986	627011	3076220
0.217235	340851	3076220
0.217251	479890	1733020
0.218089	85004	1733020
0.218335	409968	1733020
0.219028	379302	3076220
0.219817	681099	389820
0.220037	279162	1733020
0.222304	317575	3076220
0.222911	209662	1733020
0.22304	225083	3076220
0.223256	23374	389820
0.223432	611638	1733020
0.223721	518746	1733020
0.224763	386949	389820
0.224797	688795	389820
0.225196	286891	3076220
0.226391	409969	389820
0.22659	363894	1733020
0.227202	186468	389820
0.228474	518745	1733020
0.228764	503197	389820
0.230392	294525	3076220
0.230769	541952	1733020
0.231065	54361	1733020
0.231388	472083	3076220
0.2315	186471	1733020
0.233222	440738	1733020
0.233821	394623	389820
0.23402	487724	1733020
0.235746	279165	389820
0.237009	534252	3076220
0.237379	240450	389820
0.237664	448509	389820
0.237821	108470	3076220
0.238516	565124	3076220
0.238718	681102	3076220
0.239399	580726	389820
0.239589	108472	389820
0.240787	688798	3076220
0.242274	596326	1733020
0.24256	657847	3076220
0.243001	596328	389820
0.243951	386953	389820
0.244677	155213	389820
0.244934	356201	3076220
0.246242	92783	1733020
0.247097	673298	1733020
0.247143	549578	1733020
0.247824	518751	3076220
0.247894	402302	389820
0.248054	209670	1733020
0.248148	123874	1733020
0.248906	402303	389820
0.249567	464299	3076220
0.250338	518753	389820
0.251529	46621	389820
0.251576	123877	1733020
0.251688	495427	1733020
0.253808	15644	389820
0.25441	201864	1733020
0.254459	464300	3076220
0.254574	271360	389820
0.255088	386950	3076220
0.256762	139492	3076220
0.25704	657850	1733020
0.257105	163184	1733020
0.257578	657851	389820
0.257656	131721	1733020
0.257782	541953	3076220
0.258075	92785	3076220
0.258255	92786	389820
0.258459	557276	389820
0.258606	271361	389820
0.258661	31110	1733020
0.25925	688801	1733020
0.259339	448515	1733020
0.259411	541954	389820
0.259533	92787	389820
0.260471	619426	3076220
0.260941	611636	3076220
0.261533	526725	389820
0.263575	15645	1733020
0.264115	417809	1733020
0.264834	371647	3076220
0.264985	402305	3076220
0.265046	271364	1733020
0.265605	650108	1733020
0.265783	217413	3076220
0.265791	402306	389820
0.266565	248246	1733020
0.267466	201866	389820
0.267548	479899	389820
0.267789	526727	3076220
0.268348	572898	389820
0.269488	665622	1733020
0.269972	433082	1733020
0.270118	178881	1733020
0.271782	209678	1733020
0.271827	557281	389820
0.272199	596332	3076220
0.273017	209680	389820
0.273019	54370	389820
0.273796	302199	3076220
0.274033	46625	3076220
0.274939	348624	3076220
0.275066	596334	389820
0.275729	309945	389820
0.276971	194095	3076220
0.277079	131726	389820
0.277286	248248	389820
0.278627	302198	3076220
0.278745	108477	3076220
0.278835	371652	389820
0.281484	611649	1733020
0.281893	549586	389820
0.281953	619432	1733020
0.283292	472094	3076220
0.284245	503203	389820
0.28438	15650	1733020
0.284851	163189	389820
0.285332	108478	389820
0.285882	588568	389820
0.286243	163188	3076220
0.286401	518762	1733020
0.286515	286905	1733020
0.28725	472099	389820
0.288706	294532	1733020
0.289028	348627	1733020
0.290393	596335	3076220
0.291762	31115	1733020
0.29181	534256	3076220
0.291847	309948	389820
0.29295	549585	3076220
0.293308	456253	389820
0.294272	7862	389820
0.295414	209681	389820
0.29544	100679	389820
0.295669	62023	1733020
0.296603	379327	389820
0.297303	650110	3076220
0.297411	108480	1733020
0.298494	634511	3076220
0.298996	317588	1733020
0.299375	232759	3076220
0.300412	286906	1733020
0.300715	240466	389820
0.301101	433087	3076220
0.30125	131727	389820
0.301285	271366	389820
0.301575	394630	3076220
0.301899	163192	1733020
0.302369	409980	1733020
0.302618	534257	3076220
0.303701	294529	1733020
0.303872	147374	3076220
0.306924	549588	1733020
0.307848	225097	389820
0.308007	131730	389820
0.308185	604120	1733020
0.30897	54373	1733020
0.309185	611659	389820
0.309451	69698	3076220
0.309501	356213	3076220
0.310168	417815	389820
0.31122	194104	3076220
0.311743	77370	3076220
0.312071	604124	1733020
0.312387	549583	1733020
0.312754	23383	389820
0.313616	62027	3076220
0.314781	271368	389820
0.315712	402316	1733020
0.315782	472103	389820
0.315833	642372	389820
0.316284	526734	389820
0.317061	116170	3076220
0.317307	572909	389820
0.317882	279179	3076220
0.318422	38869	1733020
0.318719	54374	1733020
0.319294	356216	389820
0.319373	147375	3076220
0.319439	657860	3076220
0.319706	92796	3076220
0.32087	503209	3076220
0.322153	448528	3076220
0.322375	541962	3076220
0.322521	271371	389820
0.325068	116173	3076220
0.326589	302211	389820
0.328431	511007	1733020
0.329166	116175	1733020
0.329228	456256	3076220
0.329918	62031	389820
0.329954	379335	389820
0.331592	194108	389820
0.332774	495436	3076220
0.332914	425465	1733020
0.334137	503215	1733020
0.335146	479908	389820
0.33584	433092	1733020
0.336198	425467	3076220
0.336441	627033	3076220
0.33678	402324	3076220
0.337031	565143	1733020
0.337707	263650	1733020
0.337768	534262	389820
0.337952	123894	389820
0.338574	417818	1733020
0.33902	642375	1733020
0.339659	194110	1733020
0.33984	688810	3076220
0.34019	302213	389820
0.340221	425464	1733020
0.340609	487744	389820
0.342409	526739	1733020
0.342667	479911	1733020
0.343	255878	389820
0.343349	371659	1733020
0.34381	163197	3076220
0.344098	627035	389820
0.344825	665634	1733020
0.345012	448534	3076220
0.345039	681120	3076220
0.345115	263652	389820
0.345686	611658	1733020
0.346101	201881	389820
0.346261	15653	3076220
0.346267	263653	389820
0.346511	657866	1733020
0.346866	402327	389820
0.346869	225102	1733020
0.347031	503217	1733020
0.347287	642377	3076220
0.347543	123898	3076220
0.347813	511011	389820
0.347822	518766	1733020
0.348002	54381	3076220
0.348541	534265	1733020
0.348813	495441	389820
0.349296	186490	3076220
0.350729	286907	1733020
0.350821	29	1733020
0.351302	534266	3076220
0.351394	209685	3076220
0.351667	23392	1733020
0.352578	240472	1733020
0.35334	116182	3076220
0.353629	657869	1733020
0.353957	23393	389820
0.354106	62038	1733020
0.354255	433095	389820
0.354294	131736	3076220
0.354806	409984	1733020
0.354811	386976	389820
0.355987	681124	389820
0.356068	340863	3076220
0.356071	503218	3076220
0.35744	92799	3076220
0.357607	417819	389820
0.357999	31125	1733020
0.358035	596344	1733020
0.358744	186491	3076220
0.358797	526745	389820
0.360291	194115	389820
0.36053	131737	389820
0.360615	147381	389820
0.360753	565146	389820
0.361702	611665	389820
0.362035	100686	3076220
0.362797	286914	1733020
0.363893	139511	3076220
0.364015	294540	1733020
0.364093	294541	1733020
0.364489	665636	1733020
0.36456	440757	389820
0.364609	23395	3076220
0.36581	178893	1733020
0.366062	240470	3076220
0.367024	46643	389820
0.367227	23397	389820
0.369302	479919	3076220
0.369942	100689	1733020
0.370029	402325	3076220
0.370133	333088	389820
0.370586	54386	389820
0.371006	155236	389820
0.371188	279192	389820
0.372158	511012	1733020
0.372323	665635	3076220
0.372366	38876	389820
0.373236	217423	3076220
0.373585	201885	389820
0.373741	688821	389820
0.374533	62042	389820
0.374836	588582	389820
0.37534	526747	3076220
0.375676	333091	3076220
0.375903	440759	1733020
0.376259	163206	1733020
0.377086	627038	389820
0.378352	286917	3076220
0.378443	325256	1733020
0.380204	611655	3076220
0.380612	240480	389820
0.381352	448543	389820
0.382653	688817	1733020
0.383559	642384	1733020
0.383967	178897	1733020
0.384126	194121	389820
0.384386	209689	3076220
0.384477	456262	3076220
0.384805	386980	389820
0.384967	386977	3076220
0.385735	371663	3076220
0.386289	464312	1733020
0.387076	511013	3076220
0.387222	155239	3076220
0.389106	634526	1733020
0.389174	62043	3076220
0.389315	309963	389820
0.38963	565150	1733020
0.389864	77382	1733020
0.390111	425478	1733020
0.390209	263657	1733020
0.39105	123903	3076220
0.391445	38880	389820
0.391582	23406	1733020
0.391589	194122	389820
0.392186	541971	389820
0.392282	681130	1733020
0.392539	201888	389820
0.392788	294545	3076220
0.392801	565139	3076220
0.393135	139515	389820
0.393191	100693	389820
0.39625	681132	389820
0.396533	225110	389820
0.396749	309954	3076220
0.397012	503220	3076220
0.397481	209696	389820
0.397541	155240	1733020
0.397903	487755	1733020
0.39833	302219	3076220
0.399022	62047	1733020
0.399898	565151	1733020
0.400049	147386	389820
0.400635	131743	389820
0.400958	348642	1733020
0.401484	557277	1733020
0.401497	456270	389820
0.401686	108494	389820
0.401788	15663	389820
0.402699	657877	1733020
0.403011	511026	389820
0.403802	217429	3076220
0.404221	325258	1733020
0.40502	371669	1733020
0.405091	309956	3076220
0.406575	534278	3076220
0.406778	255892	1733020
0.406784	634530	3076220
0.407261	163212	389820
0.407493	356225	1733020
0.407906	186501	1733020
0.40923	487757	389820
0.410067	340875	3076220
0.410732	604136	1733020
0.410817	15665	1733020
0.412751	325260	389820
0.413469	472117	389820
0.414215	163215	389820
0.414444	62049	1733020
0.414447	549597	3076220
0.414678	92805	3076220
0.414737	38886	1733020
0.415246	131746	3076220
0.416032	100700	1733020
0.416119	23412	389820
0.417923	417831	1733020
0.418575	402342	1733020
0.419001	557282	1733020
0.419742	650133	389820
0.420029	209701	1733020
0.420845	263663	389820
0.421636	565154	389820
0.421901	7877	1733020
0.422722	657882	3076220
0.422877	340879	1733020
0.422921	340878	389820
0.423531	85026	389820
0.424294	279205	1733020
0.424312	425482	3076220
0.424551	31136	1733020
0.425068	201897	3076220
0.425969	464318	1733020
0.426261	503232	389820
0.426404	240489	389820
0.427293	15660	3076220
0.427402	248272	3076220
0.429605	23416	3076220
0.430527	309957	3076220
0.430985	62055	1733020
0.4313	340881	1733020
0.431344	62054	3076220
0.432009	100703	389820
0.432673	279208	3076220
0.432806	286926	3076220
0.4337	479926	1733020
0.433791	139521	389820
0.434223	634533	1733020
0.434266	371671	3076220
0.434609	23419	389820
0.435038	77384	389820
0.435289	201900	3076220
0.435488	417833	1733020
0.436081	31140	1733020
0.436555	85029	1733020
0.437163	665647	1733020
0.438983	340883	1733020
0.439257	92812	389820
0.439642	100707	389820
0.44019	131749	3076220
0.440596	271386	1733020
0.440945	62057	1733020
0.441259	271387	3076220
0.442226	40	3076220
0.442298	108499	3076220
0.442323	294556	3076220
0.442765	139523	389820
0.442918	340885	3076220
0.443129	123916	1733020
0.444225	665652	389820
0.446117	379350	389820
0.446275	123914	3076220
0.446414	534280	1733020
0.44702	123917	389820
0.447545	248263	3076220
0.447575	604140	3076220
0.448109	240493	1733020
0.448305	217432	3076220
0.448399	38891	3076220
0.448475	47	389820
0.44858	240494	1733020
0.448626	38885	3076220
0.449534	472114	3076220
0.449559	417834	3076220
0.449645	92815	1733020
0.450239	665653	389820
0.450663	100694	3076220
0.451366	85032	3076220
0.451482	15673	1733020
0.451917	348645	1733020
0.452705	464322	1733020
0.454535	147395	1733020
0.454653	186507	1733020
0.455063	302231	3076220
0.455126	217438	389820
0.455808	217439	1733020
0.456124	479931	3076220
0.456186	15662	3076220
0.4566	217440	1733020
0.456633	433107	3076220
0.45674	46661	1733020
0.457152	565160	1733020
0.457184	433106	1733020
0.457262	163217	3076220
0.457306	472121	3076220
0.457477	178909	1733020
0.457531	627045	389820
0.458305	464323	3076220
0.458945	386989	1733020
0.459017	279212	1733020
0.459308	92817	389820
0.459764	294560	1733020
0.459847	518780	1733020
0.460683	186508	389820
0.460874	325269	389820
0.461767	417832	3076220
0.461885	371677	1733020
0.461921	201907	1733020
0.461932	688820	3076220
0.462077	271385	3076220
0.462707	163220	3076220
0.463009	627047	3076220
0.463075	495454	3076220
0.463379	665656	1733020
0.464274	657886	3076220
0.464801	495455	389820
0.465606	541976	1733020
0.465759	201910	3076220
0.467385	271392	1733020
0.467642	38896	389820
0.467743	534289	389820
0.467866	225120	3076220
0.469599	131757	3076220
0.469707	549612	389820
0.469778	46663	3076220
0.469816	487762	389820
0.470249	15675	3076220
0.471847	44	3076220
0.472701	62063	389820
0.473578	348648	1733020
0.473948	38899	1733020
0.474034	38900	389820
0.474129	495457	3076220
0.475115	417837	1733020
0.475269	394660	389820
0.475289	123919	1733020
0.475376	650138	389820
0.475531	62064	1733020
0.475972	503242	3076220
0.476025	634539	1733020
0.476332	565167	1733020
0.476744	356233	389820
0.477441	309970	1733020
0.477829	673328	389820
0.477884	54397	1733020
0.478092	186511	389820
0.478684	472136	389820
0.479741	518783	389820
0.48009	456281	1733020
0.480473	163226	3076220
0.480834	503244	389820
0.482405	51	389820
0.482483	31145	1733020
0.483388	100709	1733020
0.483716	456283	389820
0.484177	356234	1733020
0.484362	456284	389820
0.484405	688834	3076220
0.484865	209714	3076220
0.487173	657888	3076220
0.487782	650139	3076220
0.488853	163230	1733020
0.488988	263660	3076220
0.48921	123921	3076220
0.489259	7889	3076220
0.490558	92823	3076220
0.49077	209718	1733020
0.490942	139527	3076220
0.491079	31142	1733020
0.491244	46665	389820
0.492627	255887	3076220
0.493388	178914	1733020
0.493627	541980	3076220
0.493673	665659	389820
0.493784	681148	3076220
0.494707	302234	3076220
0.495027	348649	389820
0.495104	309974	1733020
0.495164	619452	1733020
0.497782	92826	3076220
0.497917	448557	389820
0.498198	348651	1733020
0.498578	294567	389820
0.498961	46667	3076220
0.499943	627051	1733020
0.500758	123923	1733020
0.500855	225125	389820
0.501785	225113	1733020
0.502104	433102	3076220
0.503205	255906	1733020
0.503398	209717	3076220
0.503887	371679	3076220
0.504002	15679	3076220
0.504457	31148	3076220
0.505135	487763	389820
0.505282	565175	389820
0.505474	309983	389820
0.506277	448553	3076220
0.506836	688842	1733020
0.507033	479938	389820
0.507785	201915	3076220
0.507943	681152	3076220
0.508322	386995	3076220
0.509182	371682	1733020
0.510856	549619	1733020
0.511994	448558	3076220
0.512099	549616	3076220
0.512723	131766	1733020
0.513206	31151	389820
0.514335	255908	3076220
0.514454	472146	389820
0.514681	417845	389820
0.515629	356238	1733020
0.515685	681156	389820
0.516003	425482	3076220
0.51652	604153	389820
0.516824	673334	3076220
0.517878	348653	1733020
0.518048	665663	389820
0.518128	85040	1733020
0.518219	440774	1733020
0.5186	38913	1733020
0.519066	657897	3076220
0.519307	15688	389820
0.519549	178917	3076220
0.519574	209722	389820
0.520053	356235	1733020
0.5201	511045	389820
0.521182	131768	389820
0.521217	62	1733020
0.521265	433106	1733020
