0	0	0
0	1	0
0	2	0
0	3	0
0	4	0
0	5	0
0	6	0
0	7	0
0	8	0
0	9	0
0	10	0
0	11	0
0	12	0
0	13	0
0	14	0
0	15	0
0	16	0
0	17	0
0	18	0
0	19	0
0	20	0
0	21	0
0	22	0
0	23	0
0	24	0
0	25	0
0	26	0
0	27	0
0	28	0
0	29	0
0	30	0
0	31	0
0	32	0
0	33	0
0	34	0
0	35	0
0	36	0
0	37	0
0	38	0
0	39	0
0	40	0
0	41	0
0	42	0
0	43	0
0	44	0
0	45	0
0	46	0
0	47	0
0	48	0
0	49	0
0	50	0
0	51	0
0	52	0
0	53	0
0	54	0
0	55	0
0	56	0
0	57	0
0	58	0
0	59	0
0	60	0
0	61	0
0	62	0
0	63	0
0	64	0
0	65	0
0	66	0
0	67	0
0	68	0
0	69	0
0	70	0
0	71	0
0	72	0
0	73	0
0	74	0
0	75	0
0	76	0
0	77	0
0	78	0
0	79	0
0	80	0
0	81	0
0	82	0
0	83	0
0	84	0
0	85	0
0	86	0
0	87	0
0	88	0
0	89	0
0	90	0
0	91	0
0	92	0
0	93	0
0	94	0
0	95	0
0	96	0
0	97	0
0	98	0
0	99	0
0	100	0
0	101	0
0	102	0
0	103	0
0	104	0
0	105	0
0	106	0
0	107	0
0	108	0
0	109	0
0	110	0
0	111	0
0	112	0
0	113	0
0	114	0
0	115	0
0.05	0	1
0.05	1	1
0.05	2	2
0.05	3	0
0.05	4	0
0.05	5	2
0.05	6	1
0.05	7	1
0.05	8	1
0.05	9	1
0.05	10	1
0.05	11	1
0.05	12	0
0.05	13	1
0.05	14	0
0.05	15	1
0.05	16	0
0.05	17	0
0.05	18	0
0.05	19	0
0.05	20	0
0.05	21	0
0.05	22	0
0.05	23	0
0.05	24	0
0.05	25	0
0.05	26	0
0.05	27	0
0.05	28	0
0.05	29	0
0.05	30	0
0.05	31	0
0.05	32	0
0.05	33	0
0.05	34	0
0.05	35	0
0.05	36	0
0.05	37	0
0.05	38	0
0.05	39	0
0.05	40	0
0.05	41	0
0.05	42	0
0.05	43	0
0.05	44	0
0.05	45	0
0.05	46	0
0.05	47	0
0.05	48	1
0.05	49	0
0.05	50	0
0.05	51	0
0.05	52	1
0.05	53	0
0.05	54	1
0.05	55	0
0.05	56	0
0.05	57	0
0.05	58	0
0.05	59	0
0.05	60	1
0.05	61	0
0.05	62	0
0.05	63	0
0.05	64	0
0.05	65	0
0.05	66	0
0.05	67	0
0.05	68	0
0.05	69	0
0.05	70	0
0.05	71	0
0.05	72	0
0.05	73	0
0.05	74	0
0.05	75	0
0.05	76	0
0.05	77	0
0.05	78	0
0.05	79	0
0.05	80	0
0.05	81	0
0.05	82	0
0.05	83	0
0.05	84	0
0.05	85	0
0.05	86	0
0.05	87	0
0.05	88	0
0.05	89	0
0.05	90	0
0.05	91	0
0.05	92	0
0.05	93	0
0.05	94	0
0.05	95	0
0.05	96	0
0.05	97	0
0.05	98	0
0.05	99	0
0.05	100	0
0.05	101	0
0.05	102	0
0.05	103	0
0.05	104	0
0.05	105	0
0.05	106	0
0.05	107	1
0.05	108	0
0.05	109	0
0.05	110	0
0.05	111	0
0.05	112	0
0.05	113	0
0.05	114	0
0.05	115	0
0.1	0	9
0.1	1	6
0.1	2	24
0.1	3	7
0.1	4	8
0.1	5	14
0.1	6	11
0.1	7	8
0.1	8	14
0.1	9	16
0.1	10	12
0.1	11	29
0.1	12	3
0.1	13	13
0.1	14	9
0.1	15	11
0.1	16	3
0.1	17	4
0.1	18	0
0.1	19	3
0.1	20	3
0.1	21	0
0.1	22	3
0.1	23	1
0.1	24	1
0.1	25	3
0.1	26	4
0.1	27	0
0.1	28	0
0.1	29	2
0.1	30	1
0.1	31	6
0.1	32	1
0.1	33	0
0.1	34	0
0.1	35	0
0.1	36	3
0.1	37	1
0.1	38	0
0.1	39	1
0.1	40	1
0.1	41	1
0.1	42	3
0.1	43	1
0.1	44	2
0.1	45	0
0.1	46	0
0.1	47	6
0.1	48	6
0.1	49	3
0.1	50	3
0.1	51	3
0.1	52	7
0.1	53	4
0.1	54	6
0.1	55	2
0.1	56	2
0.1	57	1
0.1	58	2
0.1	59	2
0.1	60	6
0.1	61	1
0.1	62	1
0.1	63	1
0.1	64	5
0.1	65	5
0.1	66	4
0.1	67	1
0.1	68	6
0.1	69	3
0.1	70	1
0.1	71	3
0.1	72	2
0.1	73	3
0.1	74	1
0.1	75	5
0.1	76	7
0.1	77	6
0.1	78	2
0.1	79	1
0.1	80	1
0.1	81	2
0.1	82	1
0.1	83	1
0.1	84	0
0.1	85	3
0.1	86	3
0.1	87	3
0.1	88	1
0.1	89	0
0.1	90	3
0.1	91	2
0.1	92	2
0.1	93	2
0.1	94	5
0.1	95	1
0.1	96	1
0.1	97	1
0.1	98	4
0.1	99	0
0.1	100	0
0.1	101	2
0.1	102	0
0.1	103	2
0.1	104	3
0.1	105	1
0.1	106	1
0.1	107	7
0.1	108	2
0.1	109	2
0.1	110	1
0.1	111	1
0.1	112	0
0.1	113	0
0.1	114	0
0.1	115	1
0.15	0	25
0.15	1	34
0.15	2	60
0.15	3	22
0.15	4	29
0.15	5	50
0.15	6	32
0.15	7	21
0.15	8	44
0.15	9	52
0.15	10	35
0.15	11	85
0.15	12	16
0.15	13	42
0.15	14	34
0.15	15	37
0.15	16	8
0.15	17	15
0.15	18	3
0.15	19	5
0.15	20	7
0.15	21	4
0.15	22	7
0.15	23	6
0.15	24	3
0.15	25	8
0.15	26	15
0.15	27	4
0.15	28	3
0.15	29	10
0.15	30	4
0.15	31	30
0.15	32	1
0.15	33	2
0.15	34	3
0.15	35	1
0.15	36	10
0.15	37	5
0.15	38	3
0.15	39	4
0.15	40	3
0.15	41	5
0.15	42	8
0.15	43	2
0.15	44	9
0.15	45	5
0.15	46	5
0.15	47	16
0.15	48	24
0.15	49	13
0.15	50	15
0.15	51	11
0.15	52	27
0.15	53	17
0.15	54	13
0.15	55	6
0.15	56	9
0.15	57	3
0.15	58	5
0.15	59	6
0.15	60	20
0.15	61	3
0.15	62	4
0.15	63	3
0.15	64	19
0.15	65	23
0.15	66	18
0.15	67	10
0.15	68	23
0.15	69	9
0.15	70	5
0.15	71	10
0.15	72	3
0.15	73	10
0.15	74	8
0.15	75	21
0.15	76	25
0.15	77	22
0.15	78	9
0.15	79	5
0.15	80	8
0.15	81	7
0.15	82	3
0.15	83	3
0.15	84	2
0.15	85	9
0.15	86	7
0.15	87	12
0.15	88	6
0.15	89	3
0.15	90	14
0.15	91	7
0.15	92	9
0.15	93	10
0.15	94	20
0.15	95	5
0.15	96	4
0.15	97	5
0.15	98	16
0.15	99	2
0.15	100	3
0.15	101	9
0.15	102	2
0.15	103	10
0.15	104	10
0.15	105	10
0.15	106	1
0.15	107	23
0.15	108	9
0.15	109	7
0.15	110	5
0.15	111	5
0.15	112	4
0.15	113	1
0.15	114	4
0.15	115	4
0.2	0	77
0.2	1	99
0.2	2	154
0.2	3	69
0.2	4	88
0.2	5	136
0.2	6	86
0.2	7	60
0.2	8	138
0.2	9	156
0.2	10	92
0.2	11	157
0.2	12	40
0.2	13	70
0.2	14	68
0.2	15	121
0.2	16	34
0.2	17	53
0.2	18	18
0.2	19	8
0.2	20	19
0.2	21	20
0.2	22	16
0.2	23	19
0.2	24	10
0.2	25	33
0.2	26	60
0.2	27	12
0.2	28	10
0.2	29	30
0.2	30	21
0.2	31	80
0.2	32	3
0.2	33	3
0.2	34	8
0.2	35	3
0.2	36	43
0.2	37	12
0.2	38	8
0.2	39	10
0.2	40	10
0.2	41	15
0.2	42	29
0.2	43	4
0.2	44	39
0.2	45	15
0.2	46	23
0.2	47	40
0.2	48	90
0.2	49	22
0.2	50	25
0.2	51	21
0.2	52	55
0.2	53	64
0.2	54	42
0.2	55	16
0.2	56	35
0.2	57	12
0.2	58	21
0.2	59	19
0.2	60	88
0.2	61	14
0.2	62	7
0.2	63	10
0.2	64	42
0.2	65	49
0.2	66	60
0.2	67	35
0.2	68	69
0.2	69	34
0.2	70	11
0.2	71	45
0.2	72	9
0.2	73	39
0.2	74	39
0.2	75	40
0.2	76	55
0.2	77	37
0.2	78	12
0.2	79	17
0.2	80	27
0.2	81	16
0.2	82	12
0.2	83	5
0.2	84	18
0.2	85	22
0.2	86	19
0.2	87	15
0.2	88	17
0.2	89	8
0.2	90	36
0.2	91	23
0.2	92	40
0.2	93	20
0.2	94	27
0.2	95	8
0.2	96	15
0.2	97	4
0.2	98	6
0.2	99	8
0.2	100	18
0.2	101	29
0.2	102	13
0.2	103	10
0.2	104	26
0.2	105	35
0.2	106	7
0.2	107	37
0.2	108	28
0.2	109	27
0.2	110	13
0.2	111	21
0.2	112	16
0.2	113	5
0.2	114	15
0.2	115	8
0.25	0	87
0.25	1	155
0.25	2	298
0.25	3	159
0.25	4	206
0.25	5	181
0.25	6	125
0.25	7	66
0.25	8	206
0.25	9	255
0.25	10	183
0.25	11	279
0.25	12	123
0.25	13	190
0.25	14	160
0.25	15	210
0.25	16	39
0.25	17	25
0.25	18	25
0.25	19	16
0.25	20	27
0.25	21	55
0.25	22	38
0.25	23	40
0.25	24	27
0.25	25	41
0.25	26	8
0.25	27	39
0.25	28	27
0.25	29	24
0.25	30	31
0.25	31	136
0.25	32	16
0.25	33	10
0.25	34	27
0.25	35	9
0.25	36	59
0.25	37	29
0.25	38	30
0.25	39	17
0.25	40	16
0.25	41	73
0.25	42	4
0.25	43	10
0.25	44	47
0.25	45	61
0.25	46	32
0.25	47	88
0.25	48	86
0.25	49	47
0.25	50	49
0.25	51	41
0.25	52	63
0.25	53	50
0.25	54	31
0.25	55	46
0.25	56	66
0.25	57	40
0.25	58	85
0.25	59	51
0.25	60	115
0.25	61	46
0.25	62	20
0.25	63	53
0.25	64	41
0.25	65	32
0.25	66	20
0.25	67	40
0.25	68	98
0.25	69	23
0.25	70	6
0.25	71	58
0.25	72	31
0.25	73	73
0.25	74	90
0.25	75	13
0.25	76	46
0.25	77	20
0.25	78	24
0.25	79	39
0.25	80	90
0.25	81	23
0.25	82	49
0.25	83	30
0.25	84	24
0.25	85	70
0.25	86	49
0.25	87	59
0.25	88	38
0.25	89	14
0.25	90	21
0.25	91	33
0.25	92	51
0.25	93	43
0.25	94	33
0.25	95	25
0.25	96	20
0.25	97	18
0.25	98	16
0.25	99	36
0.25	100	68
0.25	101	35
0.25	102	41
0.25	103	44
0.25	104	62
0.25	105	71
0.25	106	11
0.25	107	29
0.25	108	26
0.25	109	55
0.25	110	35
0.25	111	36
0.25	112	48
0.25	113	16
0.25	114	45
0.25	115	23
0.3	0	157
0.3	1	233
0.3	2	464
0.3	3	235
0.3	4	408
0.3	5	250
0.3	6	126
0.3	7	153
0.3	8	221
0.3	9	410
0.3	10	232
0.3	11	552
0.3	12	223
0.3	13	424
0.3	14	230
0.3	15	300
0.3	16	19
0.3	17	21
0.3	18	40
0.3	19	34
0.3	20	47
0.3	21	52
0.3	22	82
0.3	23	96
0.3	24	30
0.3	25	40
0.3	26	18
0.3	27	26
0.3	28	86
0.3	29	72
0.3	30	42
0.3	31	50
0.3	32	35
0.3	33	31
0.3	34	31
0.3	35	41
0.3	36	64
0.3	37	56
0.3	38	60
0.3	39	39
0.3	40	52
0.3	41	113
0.3	42	33
0.3	43	17
0.3	44	57
0.3	45	84
0.3	46	79
0.3	47	67
0.3	48	41
0.3	49	88
0.3	50	29
0.3	51	67
0.3	52	119
0.3	53	63
0.3	54	51
0.3	55	66
0.3	56	104
0.3	57	26
0.3	58	169
0.3	59	45
0.3	60	62
0.3	61	90
0.3	62	72
0.3	63	87
0.3	64	36
0.3	65	50
0.3	66	46
0.3	67	41
0.3	68	75
0.3	69	70
0.3	70	14
0.3	71	69
0.3	72	67
0.3	73	38
0.3	74	109
0.3	75	64
0.3	76	30
0.3	77	74
0.3	78	71
0.3	79	50
0.3	80	63
0.3	81	22
0.3	82	58
0.3	83	70
0.3	84	64
0.3	85	113
0.3	86	80
0.3	87	90
0.3	88	71
0.3	89	21
0.3	90	34
0.3	91	43
0.3	92	79
0.3	93	86
0.3	94	86
0.3	95	63
0.3	96	26
0.3	97	66
0.3	98	28
0.3	99	95
0.3	100	117
0.3	101	66
0.3	102	103
0.3	103	100
0.3	104	54
0.3	105	76
0.3	106	33
0.3	107	27
0.3	108	64
0.3	109	78
0.3	110	54
0.3	111	46
0.3	112	95
0.3	113	24
0.3	114	36
0.3	115	67
0.35	0	243
0.35	1	359
0.35	2	659
0.35	3	378
0.35	4	507
0.35	5	484
0.35	6	206
0.35	7	223
0.35	8	294
0.35	9	674
0.35	10	391
0.35	11	853
0.35	12	214
0.35	13	545
0.35	14	302
0.35	15	482
0.35	16	44
0.35	17	32
0.35	18	49
0.35	19	85
0.35	20	88
0.35	21	14
0.35	22	91
0.35	23	129
0.35	24	44
0.35	25	93
0.35	26	31
0.35	27	69
0.35	28	81
0.35	29	122
0.35	30	89
0.35	31	100
0.35	32	77
0.35	33	111
0.35	34	62
0.35	35	86
0.35	36	33
0.35	37	110
0.35	38	26
0.35	39	30
0.35	40	63
0.35	41	125
0.35	42	77
0.35	43	26
0.35	44	50
0.35	45	59
0.35	46	90
0.35	47	91
0.35	48	76
0.35	49	62
0.35	50	101
0.35	51	59
0.35	52	75
0.35	53	116
0.35	54	80
0.35	55	122
0.35	56	79
0.35	57	89
0.35	58	145
0.35	59	82
0.35	60	108
0.35	61	122
0.35	62	89
0.35	63	89
0.35	64	119
0.35	65	46
0.35	66	87
0.35	67	100
0.35	68	159
0.35	69	124
0.35	70	61
0.35	71	120
0.35	72	41
0.35	73	61
0.35	74	38
0.35	75	52
0.35	76	49
0.35	77	66
0.35	78	116
0.35	79	19
0.35	80	101
0.35	81	38
0.35	82	154
0.35	83	53
0.35	84	151
0.35	85	153
0.35	86	39
0.35	87	112
0.35	88	87
0.35	89	59
0.35	90	57
0.35	91	154
0.35	92	53
0.35	93	104
0.35	94	91
0.35	95	57
0.35	96	29
0.35	97	54
0.35	98	63
0.35	99	159
0.35	100	91
0.35	101	53
0.35	102	86
0.35	103	109
0.35	104	128
0.35	105	96
0.35	106	63
0.35	107	55
0.35	108	90
0.35	109	95
0.35	110	93
0.35	111	128
0.35	112	83
0.35	113	55
0.35	114	87
0.35	115	97
0.4	0	439
0.4	1	584
0.4	2	1023
0.4	3	415
0.4	4	611
0.4	5	741
0.4	6	289
0.4	7	310
0.4	8	317
0.4	9	818
0.4	10	562
0.4	11	1374
0.4	12	284
0.4	13	611
0.4	14	296
0.4	15	492
0.4	16	60
0.4	17	23
0.4	18	90
0.4	19	92
0.4	20	186
0.4	21	49
0.4	22	133
0.4	23	178
0.4	24	115
0.4	25	141
0.4	26	92
0.4	27	87
0.4	28	123
0.4	29	156
0.4	30	91
0.4	31	66
0.4	32	154
0.4	33	107
0.4	34	74
0.4	35	59
0.4	36	52
0.4	37	130
0.4	38	44
0.4	39	67
0.4	40	74
0.4	41	72
0.4	42	104
0.4	43	47
0.4	44	80
0.4	45	61
0.4	46	105
0.4	47	119
0.4	48	124
0.4	49	96
0.4	50	174
0.4	51	106
0.4	52	88
0.4	53	131
0.4	54	102
0.4	55	42
0.4	56	126
0.4	57	91
0.4	58	136
0.4	59	133
0.4	60	143
0.4	61	175
0.4	62	78
0.4	63	140
0.4	64	101
0.4	65	109
0.4	66	76
0.4	67	135
0.4	68	161
0.4	69	119
0.4	70	21
0.4	71	182
0.4	72	94
0.4	73	112
0.4	74	148
0.4	75	105
0.4	76	125
0.4	77	122
0.4	78	136
0.4	79	26
0.4	80	60
0.4	81	88
0.4	82	157
0.4	83	97
0.4	84	143
0.4	85	129
0.4	86	146
0.4	87	112
0.4	88	107
0.4	89	114
0.4	90	96
0.4	91	83
0.4	92	104
0.4	93	126
0.4	94	117
0.4	95	72
0.4	96	89
0.4	97	78
0.4	98	48
0.4	99	71
0.4	100	100
0.4	101	58
0.4	102	87
0.4	103	103
0.4	104	88
0.4	105	93
0.4	106	112
0.4	107	84
0.4	108	105
0.4	109	25
0.4	110	63
0.4	111	74
0.4	112	46
0.4	113	52
0.4	114	93
0.4	115	79
0.45	0	645
0.45	1	683
0.45	2	1613
0.45	3	497
0.45	4	663
0.45	5	828
0.45	6	174
0.45	7	344
0.45	8	475
0.45	9	958
0.45	10	662
0.45	11	1733
0.45	12	271
0.45	13	917
0.45	14	289
0.45	15	556
0.45	16	134
0.45	17	62
0.45	18	219
0.45	19	104
0.45	20	233
0.45	21	74
0.45	22	129
0.45	23	191
0.45	24	153
0.45	25	133
0.45	26	114
0.45	27	76
0.45	28	212
0.45	29	163
0.45	30	127
0.45	31	111
0.45	32	147
0.45	33	183
0.45	34	81
0.45	35	82
0.45	36	88
0.45	37	38
0.45	38	82
0.45	39	180
0.45	40	97
0.45	41	83
0.45	42	88
0.45	43	52
0.45	44	108
0.45	45	133
0.45	46	137
0.45	47	156
0.45	48	100
0.45	49	58
0.45	50	132
0.45	51	106
0.45	52	121
0.45	53	118
0.45	54	135
0.45	55	79
0.45	56	145
0.45	57	103
0.45	58	112
0.45	59	110
0.45	60	145
0.45	61	109
0.45	62	88
0.45	63	188
0.45	64	131
0.45	65	193
0.45	66	142
0.45	67	173
0.45	68	152
0.45	69	109
0.45	70	25
0.45	71	213
0.45	72	39
0.45	73	92
0.45	74	147
0.45	75	58
0.45	76	240
0.45	77	138
0.45	78	70
0.45	79	62
0.45	80	32
0.45	81	174
0.45	82	148
0.45	83	162
0.45	84	173
0.45	85	95
0.45	86	64
0.45	87	141
0.45	88	147
0.45	89	69
0.45	90	130
0.45	91	116
0.45	92	104
0.45	93	130
0.45	94	65
0.45	95	187
0.45	96	187
0.45	97	117
0.45	98	63
0.45	99	121
0.45	100	88
0.45	101	149
0.45	102	89
0.45	103	69
0.45	104	12
0.45	105	114
0.45	106	133
0.45	107	97
0.45	108	62
0.45	109	61
0.45	110	60
0.45	111	104
0.45	112	104
0.45	113	66
0.45	114	107
0.45	115	46
0.5	0	532
0.5	1	721
0.5	2	1759
0.5	3	462
0.5	4	473
0.5	5	744
0.5	6	232
0.5	7	263
0.5	8	362
0.5	9	923
0.5	10	683
0.5	11	1570
0.5	12	217
0.5	13	782
0.5	14	276
0.5	15	828
0.5	16	108
0.5	17	74
0.5	18	187
0.5	19	97
0.5	20	97
0.5	21	122
0.5	22	65
0.5	23	117
0.5	24	91
0.5	25	188
0.5	26	92
0.5	27	90
0.5	28	135
0.5	29	117
0.5	30	195
0.5	31	37
0.5	32	152
0.5	33	182
0.5	34	109
0.5	35	140
0.5	36	155
0.5	37	120
0.5	38	96
0.5	39	99
0.5	40	117
0.5	41	130
0.5	42	46
0.5	43	62
0.5	44	37
0.5	45	102
0.5	46	154
0.5	47	211
0.5	48	110
0.5	49	173
0.5	50	110
0.5	51	121
0.5	52	139
0.5	53	162
0.5	54	58
0.5	55	112
0.5	56	69
0.5	57	133
0.5	58	59
0.5	59	89
0.5	60	121
0.5	61	50
0.5	62	93
0.5	63	180
0.5	64	102
0.5	65	101
0.5	66	83
0.5	67	140
0.5	68	110
0.5	69	78
0.5	70	30
0.5	71	140
0.5	72	17
0.5	73	92
0.5	74	95
0.5	75	93
0.5	76	86
0.5	77	122
0.5	78	149
0.5	79	124
0.5	80	48
0.5	81	113
0.5	82	86
0.5	83	138
0.5	84	74
0.5	85	76
0.5	86	55
0.5	87	116
0.5	88	133
0.5	89	67
0.5	90	116
0.5	91	106
0.5	92	66
0.5	93	113
0.5	94	98
0.5	95	168
0.5	96	152
0.5	97	157
0.5	98	67
0.5	99	171
0.5	100	86
0.5	101	48
0.5	102	44
0.5	103	80
0.5	104	38
0.5	105	48
0.5	106	143
0.5	107	105
0.5	108	91
0.5	109	124
0.5	110	103
0.5	111	141
0.5	112	110
0.5	113	86
0.5	114	63
0.5	115	105
0.55	0	383
0.55	1	829
0.55	2	1611
0.55	3	398
0.55	4	192
0.55	5	624
0.55	6	240
0.55	7	181
0.55	8	541
0.55	9	899
0.55	10	571
0.55	11	1809
0.55	12	222
0.55	13	806
0.55	14	257
0.55	15	972
0.55	16	84
0.55	17	70
0.55	18	157
0.55	19	180
0.55	20	154
0.55	21	116
0.55	22	73
0.55	23	46
0.55	24	59
0.55	25	127
0.55	26	162
0.55	27	90
0.55	28	42
0.55	29	83
0.55	30	181
0.55	31	43
0.55	32	78
0.55	33	107
0.55	34	83
0.55	35	98
0.55	36	67
0.55	37	138
0.55	38	131
0.55	39	63
0.55	40	73
0.55	41	61
0.55	42	84
0.55	43	107
0.55	44	106
0.55	45	156
0.55	46	40
0.55	47	90
0.55	48	40
0.55	49	242
0.55	50	84
0.55	51	82
0.55	52	149
0.55	53	131
0.55	54	83
0.55	55	42
0.55	56	89
0.55	57	87
0.55	58	64
0.55	59	140
0.55	60	83
0.55	61	127
0.55	62	29
0.55	63	167
0.55	64	135
0.55	65	113
0.55	66	16
0.55	67	61
0.55	68	135
0.55	69	55
0.55	70	33
0.55	71	109
0.55	72	25
0.55	73	51
0.55	74	50
0.55	75	58
0.55	76	151
0.55	77	122
0.55	78	124
0.55	79	114
0.55	80	104
0.55	81	74
0.55	82	133
0.55	83	61
0.55	84	74
0.55	85	120
0.55	86	45
0.55	87	104
0.55	88	162
0.55	89	75
0.55	90	193
0.55	91	127
0.55	92	92
0.55	93	88
0.55	94	114
0.55	95	81
0.55	96	217
0.55	97	144
0.55	98	24
0.55	99	94
0.55	100	58
0.55	101	38
0.55	102	71
0.55	103	64
0.55	104	73
0.55	105	80
0.55	106	203
0.55	107	86
0.55	108	95
0.55	109	77
0.55	110	92
0.55	111	135
0.55	112	105
0.55	113	131
0.55	114	156
0.55	115	122
0.6	0	332
0.6	1	777
0.6	2	1575
0.6	3	350
0.6	4	285
0.6	5	538
0.6	6	166
0.6	7	168
0.6	8	292
0.6	9	767
0.6	10	439
0.6	11	1596
0.6	12	207
0.6	13	991
0.6	14	327
0.6	15	680
0.6	16	68
0.6	17	67
0.6	18	116
0.6	19	136
0.6	20	152
0.6	21	131
0.6	22	32
0.6	23	73
0.6	24	70
0.6	25	39
0.6	26	143
0.6	27	44
0.6	28	40
0.6	29	37
0.6	30	157
0.6	31	46
0.6	32	153
0.6	33	136
0.6	34	42
0.6	35	88
0.6	36	95
0.6	37	126
0.6	38	44
0.6	39	138
0.6	40	111
0.6	41	64
0.6	42	71
0.6	43	157
0.6	44	162
0.6	45	68
0.6	46	94
0.6	47	84
0.6	48	47
0.6	49	111
0.6	50	43
0.6	51	9
0.6	52	133
0.6	53	101
0.6	54	52
0.6	55	48
0.6	56	87
0.6	57	144
0.6	58	87
0.6	59	60
0.6	60	50
0.6	61	31
0.6	62	81
0.6	63	61
0.6	64	56
0.6	65	22
0.6	66	53
0.6	67	51
0.6	68	96
0.6	69	77
0.6	70	64
0.6	71	69
0.6	72	16
0.6	73	153
0.6	74	17
0.6	75	30
0.6	76	77
0.6	77	57
0.6	78	100
0.6	79	72
0.6	80	42
0.6	81	48
0.6	82	117
0.6	83	71
0.6	84	158
0.6	85	122
0.6	86	63
0.6	87	103
0.6	88	116
0.6	89	84
0.6	90	116
0.6	91	160
0.6	92	109
0.6	93	12
0.6	94	37
0.6	95	69
0.6	96	99
0.6	97	166
0.6	98	58
0.6	99	112
0.6	100	66
0.6	101	166
0.6	102	55
0.6	103	167
0.6	104	97
0.6	105	134
0.6	106	71
0.6	107	107
0.6	108	89
0.6	109	68
0.6	110	96
0.6	111	63
0.6	112	134
0.6	113	108
0.6	114	121
0.6	115	111
0.65	0	501
0.65	1	746
0.65	2	1286
0.65	3	262
0.65	4	458
0.65	5	502
0.65	6	121
0.65	7	246
0.65	8	216
0.65	9	597
0.65	10	420
0.65	11	1288
0.65	12	235
0.65	13	647
0.65	14	391
0.65	15	586
0.65	16	78
0.65	17	105
0.65	18	136
0.65	19	85
0.65	20	84
0.65	21	56
0.65	22	56
0.65	23	65
0.65	24	52
0.65	25	124
0.65	26	122
0.65	27	53
0.65	28	58
0.65	29	46
0.65	30	125
0.65	31	89
0.65	32	209
0.65	33	116
0.65	34	120
0.65	35	116
0.65	36	81
0.65	37	89
0.65	38	87
0.65	39	121
0.65	40	98
0.65	41	28
0.65	42	111
0.65	43	145
0.65	44	195
0.65	45	15
0.65	46	137
0.65	47	72
0.65	48	21
0.65	49	140
0.65	50	86
0.65	51	20
0.65	52	117
0.65	53	20
0.65	54	70
0.65	55	26
0.65	56	24
0.65	57	54
0.65	58	131
0.65	59	67
0.65	60	60
0.65	61	96
0.65	62	152
0.65	63	78
0.65	64	69
0.65	65	31
0.65	66	147
0.65	67	140
0.65	68	85
0.65	69	82
0.65	70	88
0.65	71	77
0.65	72	61
0.65	73	159
0.65	74	42
0.65	75	35
0.65	76	178
0.65	77	57
0.65	78	39
0.65	79	153
0.65	80	42
0.65	81	82
0.65	82	30
0.65	83	71
0.65	84	94
0.65	85	53
0.65	86	106
0.65	87	100
0.65	88	51
0.65	89	125
0.65	90	112
0.65	91	42
0.65	92	63
0.65	93	56
0.65	94	69
0.65	95	89
0.65	96	36
0.65	97	86
0.65	98	89
0.65	99	102
0.65	100	90
0.65	101	55
0.65	102	51
0.65	103	71
0.65	104	59
0.65	105	46
0.65	106	52
0.65	107	98
0.65	108	85
0.65	109	44
0.65	110	94
0.65	111	90
0.65	112	108
0.65	113	76
0.65	114	138
0.65	115	160
0.7	0	474
0.7	1	522
0.7	2	1049
0.7	3	324
0.7	4	377
0.7	5	405
0.7	6	185
0.7	7	231
0.7	8	227
0.7	9	629
0.7	10	491
0.7	11	1192
0.7	12	197
0.7	13	621
0.7	14	332
0.7	15	684
0.7	16	157
0.7	17	136
0.7	18	63
0.7	19	76
0.7	20	86
0.7	21	61
0.7	22	72
0.7	23	146
0.7	24	124
0.7	25	75
0.7	26	71
0.7	27	18
0.7	28	123
0.7	29	108
0.7	30	95
0.7	31	131
0.7	32	48
0.7	33	63
0.7	34	87
0.7	35	61
0.7	36	32
0.7	37	153
0.7	38	55
0.7	39	87
0.7	40	69
0.7	41	82
0.7	42	115
0.7	43	87
0.7	44	72
0.7	45	1
0.7	46	101
0.7	47	201
0.7	48	11
0.7	49	129
0.7	50	50
0.7	51	31
0.7	52	49
0.7	53	41
0.7	54	103
0.7	55	35
0.7	56	43
0.7	57	92
0.7	58	74
0.7	59	129
0.7	60	24
0.7	61	140
0.7	62	115
0.7	63	83
0.7	64	137
0.7	65	15
0.7	66	49
0.7	67	120
0.7	68	79
0.7	69	55
0.7	70	53
0.7	71	28
0.7	72	25
0.7	73	133
0.7	74	29
0.7	75	33
0.7	76	77
0.7	77	102
0.7	78	6
0.7	79	58
0.7	80	111
0.7	81	55
0.7	82	115
0.7	83	103
0.7	84	28
0.7	85	81
0.7	86	93
0.7	87	94
0.7	88	90
0.7	89	106
0.7	90	107
0.7	91	94
0.7	92	43
0.7	93	78
0.7	94	56
0.7	95	157
0.7	96	44
0.7	97	92
0.7	98	89
0.7	99	157
0.7	100	30
0.7	101	72
0.7	102	68
0.7	103	53
0.7	104	67
0.7	105	35
0.7	106	117
0.7	107	124
0.7	108	134
0.7	109	36
0.7	110	121
0.7	111	114
0.7	112	148
0.7	113	140
0.7	114	72
0.7	115	110
0.75	0	392
0.75	1	533
0.75	2	1105
0.75	3	258
0.75	4	262
0.75	5	534
0.75	6	169
0.75	7	314
0.75	8	275
0.75	9	561
0.75	10	363
0.75	11	1042
0.75	12	152
0.75	13	612
0.75	14	374
0.75	15	591
0.75	16	49
0.75	17	100
0.75	18	43
0.75	19	11
0.75	20	42
0.75	21	82
0.75	22	134
0.75	23	104
0.75	24	47
0.75	25	61
0.75	26	113
0.75	27	39
0.75	28	191
0.75	29	86
0.75	30	91
0.75	31	84
0.75	32	128
0.75	33	64
0.75	34	72
0.75	35	47
0.75	36	51
0.75	37	87
0.75	38	94
0.75	39	89
0.75	40	20
0.75	41	97
0.75	42	75
0.75	43	62
0.75	44	47
0.75	45	50
0.75	46	60
0.75	47	78
0.75	48	28
0.75	49	156
0.75	50	55
0.75	51	30
0.75	52	64
0.75	53	136
0.75	54	38
0.75	55	84
0.75	56	135
0.75	57	59
0.75	58	21
0.75	59	46
0.75	60	55
0.75	61	78
0.75	62	110
0.75	63	120
0.75	64	48
0.75	65	24
0.75	66	83
0.75	67	216
0.75	68	121
0.75	69	69
0.75	70	2
0.75	71	129
0.75	72	45
0.75	73	136
0.75	74	39
0.75	75	34
0.75	76	63
0.75	77	72
0.75	78	9
0.75	79	29
0.75	80	76
0.75	81	76
0.75	82	54
0.75	83	132
0.75	84	17
0.75	85	88
0.75	86	96
0.75	87	101
0.75	88	57
0.75	89	70
0.75	90	42
0.75	91	53
0.75	92	90
0.75	93	32
0.75	94	79
0.75	95	47
0.75	96	84
0.75	97	13
0.75	98	56
0.75	99	86
0.75	100	19
0.75	101	114
0.75	102	49
0.75	103	160
0.75	104	57
0.75	105	45
0.75	106	137
0.75	107	81
0.75	108	44
0.75	109	85
0.75	110	101
0.75	111	74
0.75	112	98
0.75	113	121
0.75	114	103
0.75	115	108
0.8	0	329
0.8	1	580
0.8	2	894
0.8	3	259
0.8	4	196
0.8	5	499
0.8	6	330
0.8	7	296
0.8	8	429
0.8	9	642
0.8	10	343
0.8	11	1034
0.8	12	323
0.8	13	554
0.8	14	287
0.8	15	665
0.8	16	40
0.8	17	127
0.8	18	46
0.8	19	17
0.8	20	13
0.8	21	35
0.8	22	47
0.8	23	80
0.8	24	37
0.8	25	77
0.8	26	25
0.8	27	66
0.8	28	120
0.8	29	93
0.8	30	78
0.8	31	51
0.8	32	144
0.8	33	21
0.8	34	55
0.8	35	61
0.8	36	74
0.8	37	80
0.8	38	23
0.8	39	190
0.8	40	135
0.8	41	17
0.8	42	90
0.8	43	51
0.8	44	55
0.8	45	71
0.8	46	81
0.8	47	125
0.8	48	78
0.8	49	122
0.8	50	106
0.8	51	58
0.8	52	68
0.8	53	89
0.8	54	33
0.8	55	57
0.8	56	139
0.8	57	82
0.8	58	26
0.8	59	42
0.8	60	101
0.8	61	82
0.8	62	128
0.8	63	149
0.8	64	160
0.8	65	92
0.8	66	43
0.8	67	151
0.8	68	2
0.8	69	112
0.8	70	23
0.8	71	108
0.8	72	76
0.8	73	98
0.8	74	26
0.8	75	52
0.8	76	66
0.8	77	179
0.8	78	18
0.8	79	19
0.8	80	57
0.8	81	67
0.8	82	87
0.8	83	31
0.8	84	58
0.8	85	43
0.8	86	116
0.8	87	91
0.8	88	80
0.8	89	45
0.8	90	93
0.8	91	22
0.8	92	90
0.8	93	49
0.8	94	81
0.8	95	42
0.8	96	149
0.8	97	66
0.8	98	105
0.8	99	50
0.8	100	35
0.8	101	139
0.8	102	38
0.8	103	62
0.8	104	54
0.8	105	52
0.8	106	151
0.8	107	71
0.8	108	61
0.8	109	50
0.8	110	130
0.8	111	86
0.8	112	109
0.8	113	95
0.8	114	128
0.8	115	69
0.85	0	311
0.85	1	581
0.85	2	809
0.85	3	349
0.85	4	211
0.85	5	627
0.85	6	88
0.85	7	301
0.85	8	334
0.85	9	624
0.85	10	438
0.85	11	1214
0.85	12	243
0.85	13	693
0.85	14	185
0.85	15	505
0.85	16	58
0.85	17	87
0.85	18	57
0.85	19	48
0.85	20	35
0.85	21	86
0.85	22	104
0.85	23	134
0.85	24	82
0.85	25	35
0.85	26	63
0.85	27	31
0.85	28	61
0.85	29	94
0.85	30	107
0.85	31	21
0.85	32	114
0.85	33	94
0.85	34	69
0.85	35	23
0.85	36	121
0.85	37	69
0.85	38	49
0.85	39	72
0.85	40	102
0.85	41	25
0.85	42	111
0.85	43	75
0.85	44	48
0.85	45	105
0.85	46	129
0.85	47	129
0.85	48	67
0.85	49	54
0.85	50	70
0.85	51	57
0.85	52	68
0.85	53	176
0.85	54	59
0.85	55	45
0.85	56	82
0.85	57	27
0.85	58	4
0.85	59	52
0.85	60	126
0.85	61	43
0.85	62	110
0.85	63	24
0.85	64	44
0.85	65	110
0.85	66	137
0.85	67	67
0.85	68	20
0.85	69	51
0.85	70	11
0.85	71	104
0.85	72	52
0.85	73	123
0.85	74	40
0.85	75	113
0.85	76	101
0.85	77	128
0.85	78	23
0.85	79	43
0.85	80	1
0.85	81	62
0.85	82	44
0.85	83	71
0.85	84	78
0.85	85	108
0.85	86	86
0.85	87	79
0.85	88	99
0.85	89	123
0.85	90	71
0.85	91	70
0.85	92	78
0.85	93	9
0.85	94	47
0.85	95	45
0.85	96	50
0.85	97	26
0.85	98	102
0.85	99	31
0.85	100	34
0.85	101	167
0.85	102	90
0.85	103	65
0.85	104	75
0.85	105	126
0.85	106	40
0.85	107	92
0.85	108	30
0.85	109	71
0.85	110	91
0.85	111	121
0.85	112	73
0.85	113	68
0.85	114	40
0.85	115	63
0.9	0	354
0.9	1	569
0.9	2	1041
0.9	3	262
0.9	4	243
0.9	5	639
0.9	6	309
0.9	7	206
0.9	8	276
0.9	9	577
0.9	10	551
0.9	11	1356
0.9	12	230
0.9	13	620
0.9	14	270
0.9	15	643
0.9	16	78
0.9	17	65
0.9	18	89
0.9	19	84
0.9	20	86
0.9	21	117
0.9	22	21
0.9	23	130
0.9	24	94
0.9	25	104
0.9	26	67
0.9	27	3
0.9	28	37
0.9	29	93
0.9	30	103
0.9	31	33
0.9	32	104
0.9	33	100
0.9	34	29
0.9	35	45
0.9	36	175
0.9	37	77
0.9	38	41
0.9	39	112
0.9	40	73
0.9	41	97
0.9	42	47
0.9	43	56
0.9	44	110
0.9	45	70
0.9	46	119
0.9	47	43
0.9	48	69
0.9	49	67
0.9	50	64
0.9	51	52
0.9	52	96
0.9	53	132
0.9	54	88
0.9	55	78
0.9	56	109
0.9	57	90
0.9	58	25
0.9	59	14
0.9	60	115
0.9	61	42
0.9	62	63
0.9	63	60
0.9	64	86
0.9	65	157
0.9	66	124
0.9	67	83
0.9	68	84
0.9	69	25
0.9	70	64
0.9	71	109
0.9	72	93
0.9	73	169
0.9	74	60
0.9	75	143
0.9	76	89
0.9	77	106
0.9	78	29
0.9	79	45
0.9	80	32
0.9	81	75
0.9	82	50
0.9	83	119
0.9	84	50
0.9	85	129
0.9	86	72
0.9	87	96
0.9	88	75
0.9	89	136
0.9	90	88
0.9	91	117
0.9	92	54
0.9	93	26
0.9	94	66
0.9	95	88
0.9	96	79
0.9	97	48
0.9	98	71
0.9	99	70
0.9	100	19
0.9	101	127
0.9	102	98
0.9	103	39
0.9	104	124
0.9	105	100
0.9	106	61
0.9	107	144
0.9	108	34
0.9	109	50
0.9	110	142
0.9	111	144
0.9	112	104
0.9	113	93
0.9	114	45
0.9	115	42
0.95	0	287
0.95	1	559
0.95	2	967
0.95	3	364
0.95	4	278
0.95	5	611
0.95	6	143
0.95	7	336
0.95	8	257
0.95	9	610
0.95	10	641
0.95	11	1460
0.95	12	213
0.95	13	694
0.95	14	242
0.95	15	751
0.95	16	90
0.95	17	105
0.95	18	107
0.95	19	48
0.95	20	26
0.95	21	134
0.95	22	68
0.95	23	66
0.95	24	38
0.95	25	67
0.95	26	136
0.95	27	50
0.95	28	105
0.95	29	110
0.95	30	106
0.95	31	41
0.95	32	8
0.95	33	77
0.95	34	58
0.95	35	85
0.95	36	89
0.95	37	72
0.95	38	92
0.95	39	45
0.95	40	78
0.95	41	64
0.95	42	85
0.95	43	131
0.95	44	108
0.95	45	68
0.95	46	49
0.95	47	51
0.95	48	77
0.95	49	120
0.95	50	118
0.95	51	98
0.95	52	107
0.95	53	69
0.95	54	142
0.95	55	111
0.95	56	40
0.95	57	57
0.95	58	8
0.95	59	128
0.95	60	99
0.95	61	60
0.95	62	126
0.95	63	75
0.95	64	74
0.95	65	57
0.95	66	49
0.95	67	84
0.95	68	97
0.95	69	34
0.95	70	33
0.95	71	93
0.95	72	164
0.95	73	141
0.95	74	48
0.95	75	60
0.95	76	187
0.95	77	88
0.95	78	74
0.95	79	53
0.95	80	49
0.95	81	99
0.95	82	43
0.95	83	77
0.95	84	93
0.95	85	96
0.95	86	59
0.95	87	93
0.95	88	75
0.95	89	124
0.95	90	103
0.95	91	104
0.95	92	74
0.95	93	63
0.95	94	103
0.95	95	148
0.95	96	133
0.95	97	121
0.95	98	109
0.95	99	27
0.95	100	64
0.95	101	177
0.95	102	43
0.95	103	99
0.95	104	74
0.95	105	69
0.95	106	66
0.95	107	103
0.95	108	37
0.95	109	94
0.95	110	47
0.95	111	149
0.95	112	158
0.95	113	140
0.95	114	110
0.95	115	115
1	0	251
1	1	656
1	2	1132
1	3	356
1	4	276
1	5	426
1	6	271
1	7	286
1	8	204
1	9	531
1	10	653
1	11	1252
1	12	236
1	13	665
1	14	323
1	15	776
1	16	78
1	17	28
1	18	73
1	19	116
1	20	71
1	21	111
1	22	26
1	23	145
1	24	66
1	25	128
1	26	125
1	27	92
1	28	91
1	29	28
1	30	51
1	31	30
1	32	38
1	33	80
1	34	57
1	35	92
1	36	102
1	37	90
1	38	128
1	39	77
1	40	121
1	41	122
1	42	55
1	43	133
1	44	86
1	45	162
1	46	34
1	47	3
1	48	21
1	49	42
1	50	60
1	51	170
1	52	128
1	53	40
1	54	123
1	55	84
1	56	91
1	57	122
1	58	58
1	59	93
1	60	71
1	61	51
1	62	59
1	63	84
1	64	69
1	65	75
1	66	45
1	67	108
1	68	105
1	69	30
1	70	36
1	71	86
1	72	73
1	73	136
1	74	136
1	75	76
1	76	267
1	77	92
1	78	81
1	79	74
1	80	32
1	81	81
1	82	62
1	83	58
1	84	93
1	85	40
1	86	97
1	87	70
1	88	71
1	89	109
1	90	46
1	91	74
1	92	31
1	93	87
1	94	167
1	95	175
1	96	98
1	97	133
1	98	52
1	99	28
1	100	32
1	101	79
1	102	38
1	103	126
1	104	63
1	105	68
1	106	91
1	107	95
1	108	68
1	109	176
1	110	47
1	111	108
1	112	113
1	113	185
1	114	139
1	115	109
1.05	0	264
1.05	1	706
1.05	2	1158
1.05	3	234
1.05	4	230
1.05	5	410
1.05	6	228
1.05	7	258
1.05	8	196
1.05	9	510
1.05	10	468
1.05	11	1312
1.05	12	184
1.05	13	650
1.05	14	298
1.05	15	672
1.05	16	51
1.05	17	46
1.05	18	63
1.05	19	139
1.05	20	78
1.05	21	85
1.05	22	62
1.05	23	123
1.05	24	83
1.05	25	74
1.05	26	124
1.05	27	40
1.05	28	72
1.05	29	32
1.05	30	40
1.05	31	85
1.05	32	86
1.05	33	35
1.05	34	29
1.05	35	63
1.05	36	78
1.05	37	45
1.05	38	142
1.05	39	37
1.05	40	51
1.05	41	42
1.05	42	119
1.05	43	73
1.05	44	118
1.05	45	106
1.05	46	58
1.05	47	1
1.05	48	56
1.05	49	80
1.05	50	78
1.05	51	127
1.05	52	71
1.05	53	45
1.05	54	117
1.05	55	113
1.05	56	72
1.05	57	21
1.05	58	30
1.05	59	83
1.05	60	63
1.05	61	20
1.05	62	89
1.05	63	91
1.05	64	81
1.05	65	49
1.05	66	52
1.05	67	89
1.05	68	196
1.05	69	72
1.05	70	37
1.05	71	48
1.05	72	99
1.05	73	103
1.05	74	148
1.05	75	95
1.05	76	168
1.05	77	72
1.05	78	54
1.05	79	95
1.05	80	57
1.05	81	64
1.05	82	54
1.05	83	35
1.05	84	81
1.05	85	63
1.05	86	61
1.05	87	14
1.05	88	58
1.05	89	110
1.05	90	24
1.05	91	34
1.05	92	65
1.05	93	104
1.05	94	135
1.05	95	134
1.05	96	74
1.05	97	123
1.05	98	33
1.05	99	83
1.05	100	39
1.05	101	117
1.05	102	22
1.05	103	41
1.05	104	37
1.05	105	113
1.05	106	145
1.05	107	81
1.05	108	58
1.05	109	84
1.05	110	50
1.05	111	36
1.05	112	94
1.05	113	147
1.05	114	142
1.05	115	114
1.1	0	437
1.1	1	614
1.1	2	1149
1.1	3	271
1.1	4	156
1.1	5	399
1.1	6	262
1.1	7	177
1.1	8	239
1.1	9	450
1.1	10	487
1.1	11	1304
1.1	12	142
1.1	13	589
1.1	14	375
1.1	15	648
1.1	16	71
1.1	17	107
1.1	18	122
1.1	19	94
1.1	20	63
1.1	21	138
1.1	22	52
1.1	23	81
1.1	24	72
1.1	25	94
1.1	26	113
1.1	27	126
1.1	28	89
1.1	29	90
1.1	30	29
1.1	31	26
1.1	32	46
1.1	33	21
1.1	34	81
1.1	35	111
1.1	36	129
1.1	37	100
1.1	38	68
1.1	39	31
1.1	40	129
1.1	41	67
1.1	42	59
1.1	43	81
1.1	44	69
1.1	45	45
1.1	46	71
1.1	47	30
1.1	48	66
1.1	49	75
1.1	50	48
1.1	51	101
1.1	52	117
1.1	53	79
1.1	54	101
1.1	55	97
1.1	56	54
1.1	57	50
1.1	58	20
1.1	59	75
1.1	60	105
1.1	61	27
1.1	62	77
1.1	63	49
1.1	64	73
1.1	65	75
1.1	66	42
1.1	67	94
1.1	68	115
1.1	69	73
1.1	70	52
1.1	71	30
1.1	72	86
1.1	73	40
1.1	74	101
1.1	75	80
1.1	76	147
1.1	77	114
1.1	78	87
1.1	79	84
1.1	80	78
1.1	81	69
1.1	82	58
1.1	83	61
1.1	84	107
1.1	85	48
1.1	86	66
1.1	87	43
1.1	88	54
1.1	89	140
1.1	90	33
1.1	91	45
1.1	92	45
1.1	93	62
1.1	94	83
1.1	95	110
1.1	96	95
1.1	97	42
1.1	98	66
1.1	99	73
1.1	100	43
1.1	101	38
1.1	102	53
1.1	103	67
1.1	104	81
1.1	105	92
1.1	106	88
1.1	107	163
1.1	108	77
1.1	109	141
1.1	110	57
1.1	111	54
1.1	112	59
1.1	113	153
1.1	114	123
1.1	115	138
1.15	0	297
1.15	1	677
1.15	2	1077
1.15	3	347
1.15	4	282
1.15	5	542
1.15	6	273
1.15	7	229
1.15	8	199
1.15	9	732
1.15	10	360
1.15	11	1163
1.15	12	182
1.15	13	475
1.15	14	363
1.15	15	546
1.15	16	86
1.15	17	54
1.15	18	56
1.15	19	54
1.15	20	29
1.15	21	93
1.15	22	79
1.15	23	18
1.15	24	51
1.15	25	80
1.15	26	106
1.15	27	139
1.15	28	88
1.15	29	54
1.15	30	157
1.15	31	71
1.15	32	67
1.15	33	80
1.15	34	61
1.15	35	91
1.15	36	81
1.15	37	134
1.15	38	117
1.15	39	87
1.15	40	118
1.15	41	122
1.15	42	125
1.15	43	91
1.15	44	48
1.15	45	68
1.15	46	75
1.15	47	171
1.15	48	122
1.15	49	9
1.15	50	97
1.15	51	53
1.15	52	71
1.15	53	62
1.15	54	51
1.15	55	191
1.15	56	51
1.15	57	84
1.15	58	50
1.15	59	105
1.15	60	32
1.15	61	42
1.15	62	126
1.15	63	135
1.15	64	62
1.15	65	115
1.15	66	101
1.15	67	148
1.15	68	192
1.15	69	42
1.15	70	118
1.15	71	53
1.15	72	42
1.15	73	50
1.15	74	15
1.15	75	80
1.15	76	154
1.15	77	45
1.15	78	57
1.15	79	67
1.15	80	82
1.15	81	157
1.15	82	44
1.15	83	63
1.15	84	116
1.15	85	80
1.15	86	33
1.15	87	66
1.15	88	88
1.15	89	94
1.15	90	78
1.15	91	45
1.15	92	96
1.15	93	69
1.15	94	56
1.15	95	68
1.15	96	85
1.15	97	71
1.15	98	29
1.15	99	82
1.15	100	41
1.15	101	86
1.15	102	49
1.15	103	93
1.15	104	62
1.15	105	24
1.15	106	120
1.15	107	25
1.15	108	107
1.15	109	89
1.15	110	30
1.15	111	98
1.15	112	79
1.15	113	103
1.15	114	74
1.15	115	98
1.2	0	415
1.2	1	531
1.2	2	1091
1.2	3	387
1.2	4	303
1.2	5	634
1.2	6	192
1.2	7	188
1.2	8	196
1.2	9	687
1.2	10	538
1.2	11	1026
1.2	12	188
1.2	13	763
1.2	14	324
1.2	15	536
1.2	16	104
1.2	17	68
1.2	18	52
1.2	19	54
1.2	20	73
1.2	21	83
1.2	22	45
1.2	23	75
1.2	24	57
1.2	25	77
1.2	26	73
1.2	27	130
1.2	28	101
1.2	29	178
1.2	30	106
1.2	31	143
1.2	32	86
1.2	33	47
1.2	34	141
1.2	35	139
1.2	36	46
1.2	37	36
1.2	38	60
1.2	39	102
1.2	40	79
1.2	41	134
1.2	42	89
1.2	43	59
1.2	44	61
1.2	45	70
1.2	46	115
1.2	47	129
1.2	48	86
1.2	49	49
1.2	50	129
1.2	51	52
1.2	52	77
1.2	53	56
1.2	54	51
1.2	55	66
1.2	56	13
1.2	57	29
1.2	58	81
1.2	59	172
1.2	60	53
1.2	61	90
1.2	62	83
1.2	63	150
1.2	64	36
1.2	65	38
1.2	66	38
1.2	67	147
1.2	68	111
1.2	69	80
1.2	70	186
1.2	71	43
1.2	72	38
1.2	73	85
1.2	74	12
1.2	75	100
1.2	76	171
1.2	77	68
1.2	78	115
1.2	79	57
1.2	80	117
1.2	81	71
1.2	82	48
1.2	83	120
1.2	84	92
1.2	85	118
1.2	86	11
1.2	87	100
1.2	88	129
1.2	89	26
1.2	90	60
1.2	91	6
1.2	92	65
1.2	93	82
1.2	94	79
1.2	95	79
1.2	96	135
1.2	97	109
1.2	98	25
1.2	99	61
1.2	100	71
1.2	101	148
1.2	102	83
1.2	103	48
1.2	104	84
1.2	105	116
1.2	106	10
1.2	107	64
1.2	108	188
1.2	109	93
1.2	110	16
1.2	111	107
1.2	112	44
1.2	113	83
1.2	114	64
1.2	115	176
1.25	0	335
1.25	1	483
1.25	2	789
1.25	3	488
1.25	4	369
1.25	5	548
1.25	6	287
1.25	7	201
1.25	8	233
1.25	9	556
1.25	10	505
1.25	11	1026
1.25	12	177
1.25	13	575
1.25	14	298
1.25	15	530
1.25	16	60
1.25	17	53
1.25	18	42
1.25	19	58
1.25	20	55
1.25	21	97
1.25	22	60
1.25	23	117
1.25	24	46
1.25	25	41
1.25	26	93
1.25	27	128
1.25	28	108
1.25	29	89
1.25	30	67
1.25	31	186
1.25	32	50
1.25	33	65
1.25	34	64
1.25	35	63
1.25	36	81
1.25	37	41
1.25	38	130
1.25	39	78
1.25	40	104
1.25	41	61
1.25	42	64
1.25	43	63
1.25	44	91
1.25	45	52
1.25	46	166
1.25	47	37
1.25	48	37
1.25	49	57
1.25	50	61
1.25	51	110
1.25	52	139
1.25	53	96
1.25	54	42
1.25	55	42
1.25	56	40
1.25	57	71
1.25	58	149
1.25	59	115
1.25	60	49
1.25	61	76
1.25	62	96
1.25	63	196
1.25	64	35
1.25	65	45
1.25	66	80
1.25	67	81
1.25	68	110
1.25	69	67
1.25	70	79
1.25	71	48
1.25	72	105
1.25	73	67
1.25	74	19
1.25	75	73
1.25	76	151
1.25	77	88
1.25	78	129
1.25	79	59
1.25	80	80
1.25	81	117
1.25	82	22
1.25	83	71
1.25	84	99
1.25	85	68
1.25	86	26
1.25	87	83
1.25	88	68
1.25	89	13
1.25	90	70
1.25	91	30
1.25	92	33
1.25	93	81
1.25	94	38
1.25	95	57
1.25	96	46
1.25	97	25
1.25	98	103
1.25	99	60
1.25	100	51
1.25	101	112
1.25	102	58
1.25	103	39
1.25	104	68
1.25	105	103
1.25	106	56
1.25	107	38
1.25	108	107
1.25	109	167
1.25	110	33
1.25	111	178
1.25	112	43
1.25	113	105
1.25	114	79
1.25	115	102
1.3	0	354
1.3	1	472
1.3	2	1055
1.3	3	271
1.3	4	281
1.3	5	520
1.3	6	177
1.3	7	195
1.3	8	253
1.3	9	514
1.3	10	473
1.3	11	1011
1.3	12	210
1.3	13	606
1.3	14	296
1.3	15	415
1.3	16	35
1.3	17	42
1.3	18	82
1.3	19	53
1.3	20	30
1.3	21	45
1.3	22	48
1.3	23	132
1.3	24	64
1.3	25	95
1.3	26	70
1.3	27	47
1.3	28	81
1.3	29	113
1.3	30	59
1.3	31	100
1.3	32	29
1.3	33	29
1.3	34	72
1.3	35	51
1.3	36	135
1.3	37	45
1.3	38	118
1.3	39	49
1.3	40	56
1.3	41	35
1.3	42	105
1.3	43	57
1.3	44	71
1.3	45	46
1.3	46	153
1.3	47	125
1.3	48	74
1.3	49	57
1.3	50	96
1.3	51	82
1.3	52	63
1.3	53	45
1.3	54	71
1.3	55	11
1.3	56	28
1.3	57	90
1.3	58	99
1.3	59	108
1.3	60	60
1.3	61	44
1.3	62	48
1.3	63	87
1.3	64	49
1.3	65	33
1.3	66	91
1.3	67	44
1.3	68	67
1.3	69	55
1.3	70	71
1.3	71	34
1.3	72	112
1.3	73	49
1.3	74	44
1.3	75	106
1.3	76	103
1.3	77	51
1.3	78	72
1.3	79	78
1.3	80	119
1.3	81	79
1.3	82	35
1.3	83	82
1.3	84	97
1.3	85	45
1.3	86	43
1.3	87	128
1.3	88	123
1.3	89	10
1.3	90	19
1.3	91	47
1.3	92	52
1.3	93	94
1.3	94	102
1.3	95	41
1.3	96	124
1.3	97	70
1.3	98	68
1.3	99	50
1.3	100	39
1.3	101	118
1.3	102	81
1.3	103	18
1.3	104	80
1.3	105	125
1.3	106	87
1.3	107	35
1.3	108	112
1.3	109	28
1.3	110	23
1.3	111	96
1.3	112	36
1.3	113	80
1.3	114	125
1.3	115	34
1.35	0	343
1.35	1	486
1.35	2	967
1.35	3	401
1.35	4	285
1.35	5	536
1.35	6	209
1.35	7	125
1.35	8	299
1.35	9	577
1.35	10	418
1.35	11	1117
1.35	12	229
1.35	13	637
1.35	14	342
1.35	15	372
1.35	16	84
1.35	17	89
1.35	18	104
1.35	19	109
1.35	20	90
1.35	21	64
1.35	22	26
1.35	23	135
1.35	24	66
1.35	25	166
1.35	26	103
1.35	27	52
1.35	28	72
1.35	29	148
1.35	30	17
1.35	31	92
1.35	32	57
1.35	33	101
1.35	34	69
1.35	35	19
1.35	36	223
1.35	37	8
1.35	38	183
1.35	39	9
1.35	40	54
1.35	41	60
1.35	42	38
1.35	43	34
1.35	44	79
1.35	45	66
1.35	46	66
1.35	47	55
1.35	48	70
1.35	49	110
1.35	50	93
1.35	51	27
1.35	52	25
1.35	53	59
1.35	54	96
1.35	55	18
1.35	56	95
1.35	57	60
1.35	58	22
1.35	59	91
1.35	60	92
1.35	61	87
1.35	62	28
1.35	63	112
1.35	64	95
1.35	65	94
1.35	66	80
1.35	67	58
1.35	68	87
1.35	69	61
1.35	70	51
1.35	71	70
1.35	72	86
1.35	73	30
1.35	74	24
1.35	75	85
1.35	76	154
1.35	77	45
1.35	78	102
1.35	79	31
1.35	80	77
1.35	81	128
1.35	82	75
1.35	83	38
1.35	84	146
1.35	85	73
1.35	86	53
1.35	87	42
1.35	88	92
1.35	89	56
1.35	90	98
1.35	91	63
1.35	92	67
1.35	93	134
1.35	94	159
1.35	95	18
1.35	96	85
1.35	97	87
1.35	98	108
1.35	99	90
1.35	100	18
1.35	101	102
1.35	102	49
1.35	103	74
1.35	104	87
1.35	105	87
1.35	106	83
1.35	107	67
1.35	108	65
1.35	109	104
1.35	110	59
1.35	111	82
1.35	112	57
1.35	113	149
1.35	114	36
1.35	115	37
1.4	0	329
1.4	1	466
1.4	2	938
1.4	3	294
1.4	4	267
1.4	5	664
1.4	6	139
1.4	7	180
1.4	8	319
1.4	9	650
1.4	10	287
1.4	11	1119
1.4	12	247
1.4	13	693
1.4	14	336
1.4	15	556
1.4	16	117
1.4	17	107
1.4	18	63
1.4	19	47
1.4	20	35
1.4	21	100
1.4	22	67
1.4	23	41
1.4	24	67
1.4	25	153
1.4	26	65
1.4	27	59
1.4	28	69
1.4	29	157
1.4	30	29
1.4	31	143
1.4	32	96
1.4	33	47
1.4	34	56
1.4	35	86
1.4	36	100
1.4	37	71
1.4	38	122
1.4	39	0
1.4	40	30
1.4	41	69
1.4	42	70
1.4	43	24
1.4	44	69
1.4	45	69
1.4	46	80
1.4	47	42
1.4	48	95
1.4	49	88
1.4	50	171
1.4	51	14
1.4	52	87
1.4	53	106
1.4	54	65
1.4	55	45
1.4	56	71
1.4	57	56
1.4	58	81
1.4	59	98
1.4	60	51
1.4	61	72
1.4	62	33
1.4	63	71
1.4	64	70
1.4	65	101
1.4	66	45
1.4	67	60
1.4	68	60
1.4	69	94
1.4	70	43
1.4	71	114
1.4	72	105
1.4	73	104
1.4	74	64
1.4	75	90
1.4	76	114
1.4	77	58
1.4	78	44
1.4	79	48
1.4	80	25
1.4	81	119
1.4	82	54
1.4	83	44
1.4	84	99
1.4	85	75
1.4	86	72
1.4	87	72
1.4	88	88
1.4	89	59
1.4	90	76
1.4	91	75
1.4	92	26
1.4	93	125
1.4	94	212
1.4	95	29
1.4	96	113
1.4	97	100
1.4	98	57
1.4	99	51
1.4	100	57
1.4	101	66
1.4	102	81
1.4	103	114
1.4	104	66
1.4	105	66
1.4	106	75
1.4	107	100
1.4	108	111
1.4	109	116
1.4	110	134
1.4	111	159
1.4	112	13
1.4	113	148
1.4	114	37
1.4	115	45
1.45	0	385
1.45	1	525
1.45	2	991
1.45	3	264
1.45	4	170
1.45	5	644
1.45	6	234
1.45	7	231
1.45	8	348
1.45	9	700
1.45	10	383
1.45	11	1086
1.45	12	218
1.45	13	698
1.45	14	472
1.45	15	495
1.45	16	66
1.45	17	98
1.45	18	57
1.45	19	76
1.45	20	60
1.45	21	103
1.45	22	16
1.45	23	79
1.45	24	8
1.45	25	86
1.45	26	52
1.45	27	88
1.45	28	66
1.45	29	145
1.45	30	30
1.45	31	68
1.45	32	94
1.45	33	85
1.45	34	32
1.45	35	144
1.45	36	51
1.45	37	80
1.45	38	32
1.45	39	49
1.45	40	57
1.45	41	27
1.45	42	121
1.45	43	38
1.45	44	57
1.45	45	107
1.45	46	43
1.45	47	86
1.45	48	112
1.45	49	47
1.45	50	34
1.45	51	26
1.45	52	83
1.45	53	94
1.45	54	68
1.45	55	192
1.45	56	61
1.45	57	61
1.45	58	121
1.45	59	41
1.45	60	72
1.45	61	82
1.45	62	5
1.45	63	177
1.45	64	93
1.45	65	128
1.45	66	116
1.45	67	72
1.45	68	79
1.45	69	65
1.45	70	143
1.45	71	118
1.45	72	122
1.45	73	60
1.45	74	44
1.45	75	161
1.45	76	164
1.45	77	58
1.45	78	50
1.45	79	70
1.45	80	72
1.45	81	85
1.45	82	56
1.45	83	31
1.45	84	67
1.45	85	62
1.45	86	66
1.45	87	96
1.45	88	78
1.45	89	73
1.45	90	70
1.45	91	142
1.45	92	52
1.45	93	140
1.45	94	202
1.45	95	102
1.45	96	93
1.45	97	133
1.45	98	76
1.45	99	9
1.45	100	101
1.45	101	87
1.45	102	86
1.45	103	87
1.45	104	37
1.45	105	44
1.45	106	71
1.45	107	119
1.45	108	131
1.45	109	133
1.45	110	142
1.45	111	70
1.45	112	24
1.45	113	181
1.45	114	63
1.45	115	78
1.5	0	376
1.5	1	395
1.5	2	920
1.5	3	330
1.5	4	113
1.5	5	647
1.5	6	267
1.5	7	277
1.5	8	283
1.5	9	524
1.5	10	442
1.5	11	1339
1.5	12	218
1.5	13	583
1.5	14	396
1.5	15	514
1.5	16	46
1.5	17	55
1.5	18	103
1.5	19	105
1.5	20	119
1.5	21	78
1.5	22	44
1.5	23	39
1.5	24	25
1.5	25	94
1.5	26	25
1.5	27	137
1.5	28	99
1.5	29	110
1.5	30	78
1.5	31	172
1.5	32	87
1.5	33	90
1.5	34	81
1.5	35	98
1.5	36	36
1.5	37	14
1.5	38	122
1.5	39	42
1.5	40	9
1.5	41	54
1.5	42	110
1.5	43	132
1.5	44	75
1.5	45	79
1.5	46	72
1.5	47	99
1.5	48	92
1.5	49	123
1.5	50	11
1.5	51	0
1.5	52	122
1.5	53	25
1.5	54	118
1.5	55	140
1.5	56	63
1.5	57	83
1.5	58	131
1.5	59	58
1.5	60	32
1.5	61	51
1.5	62	37
1.5	63	37
1.5	64	95
1.5	65	84
1.5	66	113
1.5	67	93
1.5	68	70
1.5	69	61
1.5	70	142
1.5	71	98
1.5	72	62
1.5	73	141
1.5	74	63
1.5	75	101
1.5	76	153
1.5	77	74
1.5	78	87
1.5	79	15
1.5	80	99
1.5	81	74
1.5	82	68
1.5	83	11
1.5	84	40
1.5	85	174
1.5	86	59
1.5	87	146
1.5	88	110
1.5	89	105
1.5	90	43
1.5	91	135
1.5	92	92
1.5	93	129
1.5	94	67
1.5	95	42
1.5	96	71
1.5	97	148
1.5	98	64
1.5	99	25
1.5	100	44
1.5	101	26
1.5	102	43
1.5	103	77
1.5	104	86
1.5	105	75
1.5	106	21
1.5	107	92
1.5	108	110
1.5	109	145
1.5	110	173
1.5	111	56
1.5	112	42
1.5	113	73
1.5	114	74
1.5	115	69
1.55	0	314
1.55	1	523
1.55	2	790
1.55	3	327
1.55	4	284
1.55	5	482
1.55	6	108
1.55	7	380
1.55	8	260
1.55	9	448
1.55	10	420
1.55	11	1114
1.55	12	197
1.55	13	619
1.55	14	285
1.55	15	333
1.55	16	31
1.55	17	37
1.55	18	120
1.55	19	6
1.55	20	56
1.55	21	76
1.55	22	75
1.55	23	45
1.55	24	18
1.55	25	83
1.55	26	63
1.55	27	38
1.55	28	47
1.55	29	64
1.55	30	66
1.55	31	123
1.55	32	122
1.55	33	73
1.55	34	61
1.55	35	86
1.55	36	75
1.55	37	125
1.55	38	102
1.55	39	98
1.55	40	6
1.55	41	43
1.55	42	92
1.55	43	105
1.55	44	62
1.55	45	95
1.55	46	43
1.55	47	105
1.55	48	98
1.55	49	207
1.55	50	33
1.55	51	63
1.55	52	97
1.55	53	15
1.55	54	114
1.55	55	200
1.55	56	79
1.55	57	21
1.55	58	32
1.55	59	39
1.55	60	51
1.55	61	96
1.55	62	95
1.55	63	50
1.55	64	50
1.55	65	92
1.55	66	113
1.55	67	61
1.55	68	77
1.55	69	37
1.55	70	103
1.55	71	116
1.55	72	35
1.55	73	100
1.55	74	80
1.55	75	102
1.55	76	70
1.55	77	53
1.55	78	88
1.55	79	53
1.55	80	45
1.55	81	66
1.55	82	31
1.55	83	19
1.55	84	50
1.55	85	75
1.55	86	67
1.55	87	157
1.55	88	31
1.55	89	28
1.55	90	11
1.55	91	123
1.55	92	143
1.55	93	67
1.55	94	112
1.55	95	117
1.55	96	45
1.55	97	176
1.55	98	40
1.55	99	40
1.55	100	65
1.55	101	20
1.55	102	50
1.55	103	61
1.55	104	108
1.55	105	26
1.55	106	34
1.55	107	54
1.55	108	83
1.55	109	119
1.55	110	73
1.55	111	9
1.55	112	53
1.55	113	95
1.55	114	34
1.55	115	36
1.6	0	292
1.6	1	362
1.6	2	756
1.6	3	351
1.6	4	325
1.6	5	448
1.6	6	91
1.6	7	237
1.6	8	249
1.6	9	353
1.6	10	412
1.6	11	1063
1.6	12	323
1.6	13	603
1.6	14	331
1.6	15	492
1.6	16	24
1.6	17	32
1.6	18	81
1.6	19	33
1.6	20	38
1.6	21	83
1.6	22	87
1.6	23	5
1.6	24	39
1.6	25	73
1.6	26	91
1.6	27	11
1.6	28	32
1.6	29	89
1.6	30	79
1.6	31	113
1.6	32	60
1.6	33	92
1.6	34	92
1.6	35	101
1.6	36	64
1.6	37	124
1.6	38	64
1.6	39	34
1.6	40	26
1.6	41	48
1.6	42	41
1.6	43	42
1.6	44	68
1.6	45	14
1.6	46	76
1.6	47	62
1.6	48	96
1.6	49	75
1.6	50	75
1.6	51	109
1.6	52	26
1.6	53	53
1.6	54	71
1.6	55	86
1.6	56	32
1.6	57	96
1.6	58	57
1.6	59	43
1.6	60	108
1.6	61	39
1.6	62	103
1.6	63	64
1.6	64	117
1.6	65	41
1.6	66	92
1.6	67	75
1.6	68	78
1.6	69	23
1.6	70	92
1.6	71	88
1.6	72	78
1.6	73	131
1.6	74	123
1.6	75	84
1.6	76	31
1.6	77	35
1.6	78	60
1.6	79	51
1.6	80	52
1.6	81	85
1.6	82	79
1.6	83	28
1.6	84	113
1.6	85	31
1.6	86	89
1.6	87	38
1.6	88	33
1.6	89	42
1.6	90	50
1.6	91	57
1.6	92	257
1.6	93	101
1.6	94	40
1.6	95	118
1.6	96	78
1.6	97	113
1.6	98	92
1.6	99	54
1.6	100	104
1.6	101	43
1.6	102	54
1.6	103	74
1.6	104	75
1.6	105	147
1.6	106	19
1.6	107	69
1.6	108	133
1.6	109	188
1.6	110	54
1.6	111	61
1.6	112	20
1.6	113	103
1.6	114	98
1.6	115	92
1.65	0	301
1.65	1	560
1.65	2	776
1.65	3	253
1.65	4	229
1.65	5	603
1.65	6	136
1.65	7	195
1.65	8	145
1.65	9	505
1.65	10	340
1.65	11	906
1.65	12	282
1.65	13	569
1.65	14	225
1.65	15	498
1.65	16	40
1.65	17	77
1.65	18	63
1.65	19	4
1.65	20	92
1.65	21	113
1.65	22	54
1.65	23	26
1.65	24	53
1.65	25	55
1.65	26	70
1.65	27	31
1.65	28	34
1.65	29	160
1.65	30	187
1.65	31	54
1.65	32	70
1.65	33	129
1.65	34	64
1.65	35	34
1.65	36	82
1.65	37	61
1.65	38	129
1.65	39	148
1.65	40	22
1.65	41	51
1.65	42	50
1.65	43	95
1.65	44	47
1.65	45	36
1.65	46	70
1.65	47	47
1.65	48	36
1.65	49	92
1.65	50	8
1.65	51	71
1.65	52	61
1.65	53	96
1.65	54	58
1.65	55	30
1.65	56	46
1.65	57	59
1.65	58	80
1.65	59	3
1.65	60	72
1.65	61	31
1.65	62	51
1.65	63	76
1.65	64	26
1.65	65	12
1.65	66	37
1.65	67	52
1.65	68	108
1.65	69	13
1.65	70	95
1.65	71	50
1.65	72	154
1.65	73	133
1.65	74	137
1.65	75	105
1.65	76	38
1.65	77	75
1.65	78	27
1.65	79	47
1.65	80	21
1.65	81	125
1.65	82	97
1.65	83	65
1.65	84	108
1.65	85	52
1.65	86	33
1.65	87	28
1.65	88	50
1.65	89	59
1.65	90	31
1.65	91	54
1.65	92	101
1.65	93	119
1.65	94	98
1.65	95	44
1.65	96	56
1.65	97	104
1.65	98	87
1.65	99	58
1.65	100	117
1.65	101	59
1.65	102	86
1.65	103	56
1.65	104	62
1.65	105	85
1.65	106	55
1.65	107	101
1.65	108	64
1.65	109	110
1.65	110	18
1.65	111	46
1.65	112	55
1.65	113	71
1.65	114	100
1.65	115	134
1.7	0	416
1.7	1	363
1.7	2	871
1.7	3	410
1.7	4	216
1.7	5	495
1.7	6	168
1.7	7	164
1.7	8	124
1.7	9	401
1.7	10	343
1.7	11	895
1.7	12	122
1.7	13	530
1.7	14	288
1.7	15	459
1.7	16	122
1.7	17	70
1.7	18	71
1.7	19	80
1.7	20	134
1.7	21	114
1.7	22	91
1.7	23	56
1.7	24	63
1.7	25	140
1.7	26	79
1.7	27	75
1.7	28	13
1.7	29	66
1.7	30	100
1.7	31	43
1.7	32	50
1.7	33	151
1.7	34	106
1.7	35	95
1.7	36	105
1.7	37	57
1.7	38	64
1.7	39	45
1.7	40	32
1.7	41	33
1.7	42	67
1.7	43	112
1.7	44	160
1.7	45	109
1.7	46	68
1.7	47	62
1.7	48	61
1.7	49	66
1.7	50	21
1.7	51	68
1.7	52	74
1.7	53	127
1.7	54	127
1.7	55	11
1.7	56	93
1.7	57	42
1.7	58	73
1.7	59	33
1.7	60	61
1.7	61	89
1.7	62	30
1.7	63	63
1.7	64	28
1.7	65	24
1.7	66	53
1.7	67	26
1.7	68	97
1.7	69	18
1.7	70	113
1.7	71	41
1.7	72	169
1.7	73	49
1.7	74	112
1.7	75	105
1.7	76	115
1.7	77	59
1.7	78	55
1.7	79	76
1.7	80	75
1.7	81	88
1.7	82	9
1.7	83	51
1.7	84	29
1.7	85	164
1.7	86	85
1.7	87	50
1.7	88	50
1.7	89	40
1.7	90	49
1.7	91	22
1.7	92	60
1.7	93	129
1.7	94	53
1.7	95	120
1.7	96	107
1.7	97	24
1.7	98	28
1.7	99	25
1.7	100	33
1.7	101	57
1.7	102	48
1.7	103	93
1.7	104	35
1.7	105	74
1.7	106	95
1.7	107	53
1.7	108	68
1.7	109	111
1.7	110	28
1.7	111	32
1.7	112	84
1.7	113	90
1.7	114	111
1.7	115	50
1.75	0	307
1.75	1	538
1.75	2	1046
1.75	3	292
1.75	4	366
1.75	5	478
1.75	6	243
1.75	7	138
1.75	8	299
1.75	9	494
1.75	10	533
1.75	11	1156
1.75	12	195
1.75	13	594
1.75	14	333
1.75	15	478
1.75	16	122
1.75	17	154
1.75	18	35
1.75	19	126
1.75	20	43
1.75	21	104
1.75	22	69
1.75	23	68
1.75	24	130
1.75	25	191
1.75	26	114
1.75	27	23
1.75	28	8
1.75	29	50
1.75	30	52
1.75	31	30
1.75	32	63
1.75	33	79
1.75	34	95
1.75	35	50
1.75	36	69
1.75	37	74
1.75	38	139
1.75	39	84
1.75	40	14
1.75	41	32
1.75	42	81
1.75	43	72
1.75	44	34
1.75	45	107
1.75	46	37
1.75	47	90
1.75	48	93
1.75	49	52
1.75	50	88
1.75	51	18
1.75	52	143
1.75	53	199
1.75	54	93
1.75	55	45
1.75	56	136
1.75	57	86
1.75	58	66
1.75	59	126
1.75	60	103
1.75	61	105
1.75	62	62
1.75	63	71
1.75	64	66
1.75	65	19
1.75	66	72
1.75	67	37
1.75	68	87
1.75	69	73
1.75	70	113
1.75	71	17
1.75	72	156
1.75	73	80
1.75	74	151
1.75	75	19
1.75	76	124
1.75	77	56
1.75	78	79
1.75	79	97
1.75	80	60
1.75	81	50
1.75	82	68
1.75	83	97
1.75	84	77
1.75	85	39
1.75	86	107
1.75	87	56
1.75	88	19
1.75	89	111
1.75	90	87
1.75	91	27
1.75	92	83
1.75	93	21
1.75	94	27
1.75	95	89
1.75	96	39
1.75	97	49
1.75	98	49
1.75	99	55
1.75	100	48
1.75	101	47
1.75	102	104
1.75	103	69
1.75	104	39
1.75	105	63
1.75	106	57
1.75	107	47
1.75	108	77
1.75	109	125
1.75	110	56
1.75	111	47
1.75	112	47
1.75	113	25
1.75	114	128
1.75	115	112
1.8	0	346
1.8	1	480
1.8	2	784
1.8	3	290
1.8	4	310
1.8	5	533
1.8	6	202
1.8	7	184
1.8	8	353
1.8	9	579
1.8	10	472
1.8	11	1044
1.8	12	322
1.8	13	712
1.8	14	309
1.8	15	598
1.8	16	162
1.8	17	106
1.8	18	47
1.8	19	58
1.8	20	89
1.8	21	79
1.8	22	40
1.8	23	31
1.8	24	218
1.8	25	43
1.8	26	100
1.8	27	27
1.8	28	10
1.8	29	43
1.8	30	83
1.8	31	12
1.8	32	102
1.8	33	65
1.8	34	103
1.8	35	52
1.8	36	156
1.8	37	41
1.8	38	132
1.8	39	88
1.8	40	20
1.8	41	14
1.8	42	33
1.8	43	61
1.8	44	99
1.8	45	96
1.8	46	74
1.8	47	105
1.8	48	76
1.8	49	55
1.8	50	119
1.8	51	24
1.8	52	133
1.8	53	186
1.8	54	136
1.8	55	65
1.8	56	99
1.8	57	119
1.8	58	84
1.8	59	183
1.8	60	108
1.8	61	63
1.8	62	66
1.8	63	34
1.8	64	56
1.8	65	38
1.8	66	57
1.8	67	10
1.8	68	144
1.8	69	136
1.8	70	134
1.8	71	83
1.8	72	107
1.8	73	49
1.8	74	160
1.8	75	28
1.8	76	201
1.8	77	120
1.8	78	61
1.8	79	84
1.8	80	79
1.8	81	45
1.8	82	115
1.8	83	72
1.8	84	106
1.8	85	153
1.8	86	113
1.8	87	80
1.8	88	27
1.8	89	82
1.8	90	65
1.8	91	28
1.8	92	36
1.8	93	28
1.8	94	56
1.8	95	85
1.8	96	77
1.8	97	97
1.8	98	72
1.8	99	81
1.8	100	112
1.8	101	78
1.8	102	101
1.8	103	134
1.8	104	106
1.8	105	75
1.8	106	85
1.8	107	60
1.8	108	187
1.8	109	129
1.8	110	88
1.8	111	84
1.8	112	86
1.8	113	69
1.8	114	101
1.8	115	72
1.85	0	362
1.85	1	333
1.85	2	738
1.85	3	478
1.85	4	283
1.85	5	757
1.85	6	147
1.85	7	248
1.85	8	271
1.85	9	838
1.85	10	397
1.85	11	1095
1.85	12	272
1.85	13	619
1.85	14	425
1.85	15	640
1.85	16	87
1.85	17	124
1.85	18	52
1.85	19	84
1.85	20	61
1.85	21	34
1.85	22	65
1.85	23	58
1.85	24	125
1.85	25	45
1.85	26	113
1.85	27	20
1.85	28	19
1.85	29	177
1.85	30	134
1.85	31	42
1.85	32	191
1.85	33	44
1.85	34	64
1.85	35	39
1.85	36	120
1.85	37	38
1.85	38	88
1.85	39	65
1.85	40	33
1.85	41	34
1.85	42	75
1.85	43	50
1.85	44	101
1.85	45	86
1.85	46	83
1.85	47	147
1.85	48	118
1.85	49	52
1.85	50	114
1.85	51	6
1.85	52	89
1.85	53	69
1.85	54	119
1.85	55	22
1.85	56	93
1.85	57	59
1.85	58	76
1.85	59	55
1.85	60	94
1.85	61	156
1.85	62	98
1.85	63	43
1.85	64	48
1.85	65	52
1.85	66	97
1.85	67	31
1.85	68	162
1.85	69	114
1.85	70	89
1.85	71	133
1.85	72	108
1.85	73	17
1.85	74	126
1.85	75	68
1.85	76	60
1.85	77	200
1.85	78	67
1.85	79	16
1.85	80	129
1.85	81	105
1.85	82	147
1.85	83	105
1.85	84	132
1.85	85	65
1.85	86	22
1.85	87	152
1.85	88	84
1.85	89	11
1.85	90	68
1.85	91	49
1.85	92	18
1.85	93	64
1.85	94	102
1.85	95	135
1.85	96	34
1.85	97	80
1.85	98	65
1.85	99	70
1.85	100	90
1.85	101	18
1.85	102	71
1.85	103	136
1.85	104	115
1.85	105	72
1.85	106	132
1.85	107	73
1.85	108	140
1.85	109	132
1.85	110	80
1.85	111	42
1.85	112	60
1.85	113	127
1.85	114	111
1.85	115	136
1.9	0	431
1.9	1	451
1.9	2	824
1.9	3	364
1.9	4	293
1.9	5	637
1.9	6	236
1.9	7	140
1.9	8	121
1.9	9	786
1.9	10	305
1.9	11	1172
1.9	12	159
1.9	13	668
1.9	14	413
1.9	15	660
1.9	16	88
1.9	17	65
1.9	18	108
1.9	19	52
1.9	20	77
1.9	21	68
1.9	22	49
1.9	23	34
1.9	24	93
1.9	25	26
1.9	26	178
1.9	27	48
1.9	28	50
1.9	29	63
1.9	30	80
1.9	31	74
1.9	32	152
1.9	33	46
1.9	34	48
1.9	35	145
1.9	36	238
1.9	37	66
1.9	38	128
1.9	39	22
1.9	40	28
1.9	41	54
1.9	42	71
1.9	43	64
1.9	44	95
1.9	45	34
1.9	46	21
1.9	47	64
1.9	48	111
1.9	49	37
1.9	50	76
1.9	51	4
1.9	52	12
1.9	53	75
1.9	54	130
1.9	55	38
1.9	56	111
1.9	57	22
1.9	58	27
1.9	59	95
1.9	60	8
1.9	61	76
1.9	62	87
1.9	63	54
1.9	64	104
1.9	65	40
1.9	66	119
1.9	67	64
1.9	68	111
1.9	69	68
1.9	70	29
1.9	71	125
1.9	72	158
1.9	73	3
1.9	74	59
1.9	75	33
1.9	76	79
1.9	77	62
1.9	78	101
1.9	79	15
1.9	80	70
1.9	81	54
1.9	82	31
1.9	83	111
1.9	84	107
1.9	85	98
1.9	86	45
1.9	87	78
1.9	88	63
1.9	89	9
1.9	90	7
1.9	91	83
1.9	92	61
1.9	93	117
1.9	94	113
1.9	95	137
1.9	96	23
1.9	97	60
1.9	98	99
1.9	99	73
1.9	100	55
1.9	101	111
1.9	102	35
1.9	103	76
1.9	104	63
1.9	105	111
1.9	106	97
1.9	107	68
1.9	108	147
1.9	109	160
1.9	110	22
1.9	111	76
1.9	112	18
1.9	113	103
1.9	114	141
1.9	115	153
1.95	0	347
1.95	1	427
1.95	2	959
1.95	3	344
1.95	4	111
1.95	5	501
1.95	6	212
1.95	7	181
1.95	8	203
1.95	9	444
1.95	10	288
1.95	11	1212
1.95	12	208
1.95	13	448
1.95	14	452
1.95	15	582
1.95	16	45
1.95	17	71
1.95	18	29
1.95	19	55
1.95	20	23
1.95	21	53
1.95	22	53
1.95	23	79
1.95	24	94
1.95	25	62
1.95	26	100
1.95	27	122
1.95	28	100
1.95	29	67
1.95	30	71
1.95	31	82
1.95	32	130
1.95	33	26
1.95	34	36
1.95	35	9
1.95	36	95
1.95	37	65
1.95	38	58
1.95	39	75
1.95	40	13
1.95	41	115
1.95	42	72
1.95	43	122
1.95	44	74
1.95	45	37
1.95	46	61
1.95	47	8
1.95	48	111
1.95	49	24
1.95	50	168
1.95	51	14
1.95	52	78
1.95	53	84
1.95	54	51
1.95	55	68
1.95	56	50
1.95	57	42
1.95	58	25
1.95	59	36
1.95	60	8
1.95	61	21
1.95	62	62
1.95	63	85
1.95	64	59
1.95	65	28
1.95	66	55
1.95	67	102
1.95	68	38
1.95	69	101
1.95	70	84
1.95	71	116
1.95	72	69
1.95	73	23
1.95	74	99
1.95	75	10
1.95	76	82
1.95	77	51
1.95	78	57
1.95	79	76
1.95	80	49
1.95	81	38
1.95	82	20
1.95	83	118
1.95	84	83
1.95	85	34
1.95	86	63
1.95	87	57
1.95	88	17
1.95	89	29
1.95	90	31
1.95	91	85
1.95	92	81
1.95	93	39
1.95	94	132
1.95	95	101
1.95	96	41
1.95	97	126
1.95	98	33
1.95	99	53
1.95	100	62
1.95	101	32
1.95	102	76
1.95	103	89
1.95	104	78
1.95	105	36
1.95	106	81
1.95	107	99
1.95	108	180
1.95	109	169
1.95	110	54
1.95	111	43
1.95	112	17
1.95	113	96
1.95	114	162
1.95	115	165
2	0	374
2	1	634
2	2	1025
2	3	373
2	4	198
2	5	410
2	6	181
2	7	182
2	8	163
2	9	489
2	10	480
2	11	1079
2	12	208
2	13	712
2	14	258
2	15	498
2	16	50
2	17	55
2	18	84
2	19	42
2	20	51
2	21	51
2	22	64
2	23	48
2	24	119
2	25	47
2	26	76
2	27	98
2	28	27
2	29	54
2	30	152
2	31	51
2	32	65
2	33	59
2	34	50
2	35	32
2	36	156
2	37	39
2	38	125
2	39	50
2	40	63
2	41	79
2	42	57
2	43	153
2	44	124
2	45	119
2	46	97
2	47	51
2	48	102
2	49	63
2	50	46
2	51	49
2	52	134
2	53	88
2	54	26
2	55	55
2	56	16
2	57	56
2	58	62
2	59	93
2	60	16
2	61	27
2	62	44
2	63	90
2	64	48
2	65	125
2	66	66
2	67	63
2	68	65
2	69	65
2	70	55
2	71	131
2	72	9
2	73	52
2	74	214
2	75	59
2	76	90
2	77	59
2	78	103
2	79	81
2	80	72
2	81	154
2	82	17
2	83	82
2	84	84
2	85	130
2	86	63
2	87	9
2	88	44
2	89	39
2	90	53
2	91	98
2	92	116
2	93	49
2	94	137
2	95	41
2	96	22
2	97	54
2	98	59
2	99	69
2	100	65
2	101	49
2	102	115
2	103	71
2	104	63
2	105	111
2	106	40
2	107	64
2	108	95
2	109	102
2	110	71
2	111	77
2	112	29
2	113	132
2	114	187
2	115	58
2.05	0	408
2.05	1	552
2.05	2	1101
2.05	3	286
2.05	4	338
2.05	5	463
2.05	6	151
2.05	7	154
2.05	8	311
2.05	9	494
2.05	10	549
2.05	11	1084
2.05	12	240
2.05	13	446
2.05	14	243
2.05	15	541
2.05	16	47
2.05	17	63
2.05	18	128
2.05	19	54
2.05	20	90
2.05	21	76
2.05	22	52
2.05	23	37
2.05	24	142
2.05	25	95
2.05	26	54
2.05	27	167
2.05	28	64
2.05	29	65
2.05	30	49
2.05	31	19
2.05	32	151
2.05	33	93
2.05	34	63
2.05	35	93
2.05	36	97
2.05	37	139
2.05	38	97
2.05	39	45
2.05	40	88
2.05	41	71
2.05	42	56
2.05	43	69
2.05	44	78
2.05	45	99
2.05	46	126
2.05	47	85
2.05	48	56
2.05	49	60
2.05	50	74
2.05	51	26
2.05	52	18
2.05	53	95
2.05	54	89
2.05	55	71
2.05	56	47
2.05	57	104
2.05	58	59
2.05	59	158
2.05	60	42
2.05	61	95
2.05	62	64
2.05	63	129
2.05	64	93
2.05	65	154
2.05	66	163
2.05	67	42
2.05	68	86
2.05	69	63
2.05	70	34
2.05	71	75
2.05	72	43
2.05	73	32
2.05	74	77
2.05	75	55
2.05	76	78
2.05	77	58
2.05	78	69
2.05	79	103
2.05	80	56
2.05	81	237
2.05	82	16
2.05	83	101
2.05	84	158
2.05	85	55
2.05	86	44
2.05	87	26
2.05	88	64
2.05	89	88
2.05	90	78
2.05	91	119
2.05	92	52
2.05	93	5
2.05	94	116
2.05	95	37
2.05	96	64
2.05	97	122
2.05	98	16
2.05	99	84
2.05	100	53
2.05	101	36
2.05	102	63
2.05	103	61
2.05	104	72
2.05	105	96
2.05	106	20
2.05	107	88
2.05	108	85
2.05	109	110
2.05	110	48
2.05	111	30
2.05	112	10
2.05	113	122
2.05	114	114
2.05	115	84
2.1	0	453
2.1	1	666
2.1	2	1056
2.1	3	302
2.1	4	135
2.1	5	491
2.1	6	246
2.1	7	275
2.1	8	204
2.1	9	539
2.1	10	572
2.1	11	1090
2.1	12	205
2.1	13	522
2.1	14	210
2.1	15	472
2.1	16	35
2.1	17	52
2.1	18	109
2.1	19	61
2.1	20	139
2.1	21	75
2.1	22	77
2.1	23	102
2.1	24	43
2.1	25	63
2.1	26	128
2.1	27	106
2.1	28	59
2.1	29	191
2.1	30	69
2.1	31	57
2.1	32	140
2.1	33	76
2.1	34	96
2.1	35	77
2.1	36	59
2.1	37	46
2.1	38	133
2.1	39	44
2.1	40	131
2.1	41	56
2.1	42	90
2.1	43	96
2.1	44	129
2.1	45	43
2.1	46	86
2.1	47	104
2.1	48	76
2.1	49	102
2.1	50	72
2.1	51	63
2.1	52	73
2.1	53	99
2.1	54	55
2.1	55	134
2.1	56	51
2.1	57	60
2.1	58	54
2.1	59	21
2.1	60	9
2.1	61	74
2.1	62	68
2.1	63	52
2.1	64	55
2.1	65	33
2.1	66	150
2.1	67	62
2.1	68	11
2.1	69	46
2.1	70	56
2.1	71	51
2.1	72	67
2.1	73	63
2.1	74	51
2.1	75	87
2.1	76	60
2.1	77	101
2.1	78	100
2.1	79	92
2.1	80	121
2.1	81	75
2.1	82	59
2.1	83	73
2.1	84	138
2.1	85	75
2.1	86	31
2.1	87	17
2.1	88	102
2.1	89	103
2.1	90	155
2.1	91	81
2.1	92	72
2.1	93	21
2.1	94	128
2.1	95	51
2.1	96	19
2.1	97	69
2.1	98	21
2.1	99	95
2.1	100	85
2.1	101	62
2.1	102	54
2.1	103	53
2.1	104	61
2.1	105	160
2.1	106	11
2.1	107	148
2.1	108	79
2.1	109	55
2.1	110	10
2.1	111	71
2.1	112	20
2.1	113	170
2.1	114	55
2.1	115	87
2.15	0	443
2.15	1	568
2.15	2	1209
2.15	3	282
2.15	4	218
2.15	5	500
2.15	6	275
2.15	7	422
2.15	8	204
2.15	9	664
2.15	10	503
2.15	11	1138
2.15	12	194
2.15	13	523
2.15	14	146
2.15	15	495
2.15	16	41
2.15	17	43
2.15	18	148
2.15	19	95
2.15	20	67
2.15	21	76
2.15	22	60
2.15	23	119
2.15	24	25
2.15	25	62
2.15	26	114
2.15	27	95
2.15	28	84
2.15	29	191
2.15	30	9
2.15	31	67
2.15	32	71
2.15	33	104
2.15	34	82
2.15	35	76
2.15	36	79
2.15	37	120
2.15	38	53
2.15	39	42
2.15	40	140
2.15	41	35
2.15	42	139
2.15	43	64
2.15	44	68
2.15	45	60
2.15	46	42
2.15	47	168
2.15	48	131
2.15	49	123
2.15	50	92
2.15	51	138
2.15	52	52
2.15	53	87
2.15	54	34
2.15	55	53
2.15	56	53
2.15	57	91
2.15	58	98
2.15	59	40
2.15	60	50
2.15	61	76
2.15	62	32
2.15	63	134
2.15	64	86
2.15	65	36
2.15	66	213
2.15	67	203
2.15	68	25
2.15	69	117
2.15	70	63
2.15	71	64
2.15	72	90
2.15	73	55
2.15	74	44
2.15	75	125
2.15	76	106
2.15	77	119
2.15	78	103
2.15	79	164
2.15	80	95
2.15	81	86
2.15	82	79
2.15	83	81
2.15	84	68
2.15	85	73
2.15	86	63
2.15	87	67
2.15	88	88
2.15	89	126
2.15	90	94
2.15	91	77
2.15	92	103
2.15	93	55
2.15	94	81
2.15	95	49
2.15	96	61
2.15	97	106
2.15	98	76
2.15	99	110
2.15	100	19
2.15	101	26
2.15	102	34
2.15	103	54
2.15	104	35
2.15	105	76
2.15	106	29
2.15	107	112
2.15	108	59
2.15	109	104
2.15	110	29
2.15	111	26
2.15	112	35
2.15	113	100
2.15	114	53
2.15	115	73
2.2	0	360
2.2	1	623
2.2	2	1053
2.2	3	377
2.2	4	238
2.2	5	363
2.2	6	222
2.2	7	263
2.2	8	234
2.2	9	646
2.2	10	596
2.2	11	1162
2.2	12	268
2.2	13	621
2.2	14	313
2.2	15	458
2.2	16	78
2.2	17	21
2.2	18	36
2.2	19	72
2.2	20	126
2.2	21	68
2.2	22	43
2.2	23	144
2.2	24	62
2.2	25	74
2.2	26	45
2.2	27	103
2.2	28	75
2.2	29	52
2.2	30	8
2.2	31	82
2.2	32	31
2.2	33	86
2.2	34	220
2.2	35	79
2.2	36	37
2.2	37	49
2.2	38	63
2.2	39	44
2.2	40	101
2.2	41	165
2.2	42	91
2.2	43	56
2.2	44	146
2.2	45	91
2.2	46	15
2.2	47	153
2.2	48	96
2.2	49	62
2.2	50	47
2.2	51	113
2.2	52	28
2.2	53	111
2.2	54	44
2.2	55	104
2.2	56	47
2.2	57	87
2.2	58	81
2.2	59	49
2.2	60	94
2.2	61	53
2.2	62	51
2.2	63	50
2.2	64	151
2.2	65	40
2.2	66	107
2.2	67	114
2.2	68	90
2.2	69	151
2.2	70	98
2.2	71	64
2.2	72	79
2.2	73	40
2.2	74	32
2.2	75	8
2.2	76	148
2.2	77	140
2.2	78	125
2.2	79	107
2.2	80	106
2.2	81	109
2.2	82	42
2.2	83	105
2.2	84	82
2.2	85	54
2.2	86	56
2.2	87	87
2.2	88	86
2.2	89	103
2.2	90	156
2.2	91	88
2.2	92	77
2.2	93	59
2.2	94	154
2.2	95	52
2.2	96	91
2.2	97	130
2.2	98	106
2.2	99	80
2.2	100	86
2.2	101	73
2.2	102	35
2.2	103	58
2.2	104	38
2.2	105	112
2.2	106	25
2.2	107	94
2.2	108	50
2.2	109	63
2.2	110	59
2.2	111	70
2.2	112	92
2.2	113	147
2.2	114	98
2.2	115	98
2.25	0	500
2.25	1	545
2.25	2	1002
2.25	3	420
2.25	4	366
2.25	5	482
2.25	6	227
2.25	7	294
2.25	8	274
2.25	9	686
2.25	10	586
2.25	11	1140
2.25	12	252
2.25	13	707
2.25	14	359
2.25	15	487
2.25	16	63
2.25	17	48
2.25	18	12
2.25	19	36
2.25	20	92
2.25	21	129
2.25	22	62
2.25	23	146
2.25	24	70
2.25	25	24
2.25	26	95
2.25	27	106
2.25	28	67
2.25	29	136
2.25	30	29
2.25	31	64
2.25	32	174
2.25	33	97
2.25	34	110
2.25	35	82
2.25	36	90
2.25	37	62
2.25	38	42
2.25	39	110
2.25	40	67
2.25	41	53
2.25	42	85
2.25	43	52
2.25	44	81
2.25	45	66
2.25	46	85
2.25	47	82
2.25	48	73
2.25	49	124
2.25	50	29
2.25	51	92
2.25	52	27
2.25	53	140
2.25	54	51
2.25	55	124
2.25	56	129
2.25	57	44
2.25	58	103
2.25	59	128
2.25	60	141
2.25	61	26
2.25	62	42
2.25	63	45
2.25	64	130
2.25	65	29
2.25	66	53
2.25	67	151
2.25	68	114
2.25	69	87
2.25	70	70
2.25	71	66
2.25	72	26
2.25	73	17
2.25	74	78
2.25	75	40
2.25	76	201
2.25	77	94
2.25	78	62
2.25	79	112
2.25	80	76
2.25	81	126
2.25	82	50
2.25	83	84
2.25	84	111
2.25	85	79
2.25	86	58
2.25	87	78
2.25	88	111
2.25	89	73
2.25	90	119
2.25	91	54
2.25	92	52
2.25	93	34
2.25	94	149
2.25	95	89
2.25	96	89
2.25	97	114
2.25	98	106
2.25	99	63
2.25	100	46
2.25	101	55
2.25	102	100
2.25	103	133
2.25	104	51
2.25	105	69
2.25	106	22
2.25	107	86
2.25	108	24
2.25	109	133
2.25	110	82
2.25	111	61
2.25	112	64
2.25	113	110
2.25	114	104
2.25	115	106
2.3	0	543
2.3	1	578
2.3	2	1222
2.3	3	349
2.3	4	186
2.3	5	520
2.3	6	286
2.3	7	297
2.3	8	380
2.3	9	668
2.3	10	617
2.3	11	1170
2.3	12	244
2.3	13	683
2.3	14	290
2.3	15	551
2.3	16	53
2.3	17	61
2.3	18	20
2.3	19	70
2.3	20	95
2.3	21	183
2.3	22	154
2.3	23	140
2.3	24	64
2.3	25	48
2.3	26	188
2.3	27	120
2.3	28	127
2.3	29	65
2.3	30	31
2.3	31	65
2.3	32	83
2.3	33	40
2.3	34	158
2.3	35	39
2.3	36	86
2.3	37	43
2.3	38	102
2.3	39	61
2.3	40	98
2.3	41	52
2.3	42	116
2.3	43	40
2.3	44	28
2.3	45	108
2.3	46	155
2.3	47	100
2.3	48	20
2.3	49	143
2.3	50	113
2.3	51	106
2.3	52	70
2.3	53	107
2.3	54	77
2.3	55	45
2.3	56	90
2.3	57	110
2.3	58	123
2.3	59	66
2.3	60	59
2.3	61	44
2.3	62	49
2.3	63	61
2.3	64	188
2.3	65	127
2.3	66	33
2.3	67	143
2.3	68	96
2.3	69	121
2.3	70	129
2.3	71	159
2.3	72	96
2.3	73	54
2.3	74	78
2.3	75	107
2.3	76	109
2.3	77	154
2.3	78	117
2.3	79	130
2.3	80	83
2.3	81	126
2.3	82	125
2.3	83	65
2.3	84	117
2.3	85	49
2.3	86	89
2.3	87	17
2.3	88	109
2.3	89	98
2.3	90	168
2.3	91	84
2.3	92	96
2.3	93	20
2.3	94	166
2.3	95	140
2.3	96	143
2.3	97	263
2.3	98	103
2.3	99	50
2.3	100	83
2.3	101	77
2.3	102	60
2.3	103	73
2.3	104	58
2.3	105	133
2.3	106	71
2.3	107	99
2.3	108	83
2.3	109	73
2.3	110	104
2.3	111	120
2.3	112	95
2.3	113	137
2.3	114	54
2.3	115	40
2.35	0	359
2.35	1	612
2.35	2	1104
2.35	3	418
2.35	4	218
2.35	5	732
2.35	6	239
2.35	7	246
2.35	8	455
2.35	9	579
2.35	10	511
2.35	11	1184
2.35	12	258
2.35	13	558
2.35	14	371
2.35	15	551
2.35	16	50
2.35	17	50
2.35	18	91
2.35	19	83
2.35	20	70
2.35	21	119
2.35	22	110
2.35	23	111
2.35	24	86
2.35	25	67
2.35	26	138
2.35	27	104
2.35	28	135
2.35	29	114
2.35	30	43
2.35	31	30
2.35	32	53
2.35	33	57
2.35	34	80
2.35	35	53
2.35	36	143
2.35	37	45
2.35	38	150
2.35	39	41
2.35	40	177
2.35	41	64
2.35	42	27
2.35	43	119
2.35	44	74
2.35	45	49
2.35	46	74
2.35	47	98
2.35	48	53
2.35	49	75
2.35	50	172
2.35	51	105
2.35	52	135
2.35	53	122
2.35	54	62
2.35	55	29
2.35	56	63
2.35	57	37
2.35	58	125
2.35	59	85
2.35	60	78
2.35	61	26
2.35	62	132
2.35	63	51
2.35	64	155
2.35	65	132
2.35	66	86
2.35	67	205
2.35	68	41
2.35	69	69
2.35	70	129
2.35	71	240
2.35	72	145
2.35	73	49
2.35	74	78
2.35	75	66
2.35	76	101
2.35	77	70
2.35	78	74
2.35	79	122
2.35	80	68
2.35	81	80
2.35	82	30
2.35	83	38
2.35	84	99
2.35	85	39
2.35	86	165
2.35	87	80
2.35	88	80
2.35	89	38
2.35	90	102
2.35	91	63
2.35	92	56
2.35	93	33
2.35	94	109
2.35	95	104
2.35	96	98
2.35	97	130
2.35	98	89
2.35	99	8
2.35	100	65
2.35	101	82
2.35	102	127
2.35	103	87
2.35	104	74
2.35	105	37
2.35	106	64
2.35	107	31
2.35	108	76
2.35	109	156
2.35	110	106
2.35	111	57
2.35	112	153
2.35	113	95
2.35	114	70
2.35	115	105
2.4	0	428
2.4	1	521
2.4	2	1158
2.4	3	258
2.4	4	272
2.4	5	631
2.4	6	251
2.4	7	296
2.4	8	283
2.4	9	626
2.4	10	285
2.4	11	1201
2.4	12	260
2.4	13	575
2.4	14	245
2.4	15	585
2.4	16	46
2.4	17	83
2.4	18	180
2.4	19	182
2.4	20	83
2.4	21	105
2.4	22	72
2.4	23	85
2.4	24	82
2.4	25	80
2.4	26	116
2.4	27	72
2.4	28	115
2.4	29	99
2.4	30	22
2.4	31	85
2.4	32	74
2.4	33	26
2.4	34	80
2.4	35	65
2.4	36	58
2.4	37	12
2.4	38	32
2.4	39	75
2.4	40	123
2.4	41	101
2.4	42	64
2.4	43	49
2.4	44	96
2.4	45	125
2.4	46	51
2.4	47	34
2.4	48	116
2.4	49	63
2.4	50	71
2.4	51	136
2.4	52	117
2.4	53	83
2.4	54	38
2.4	55	78
2.4	56	51
2.4	57	139
2.4	58	105
2.4	59	31
2.4	60	28
2.4	61	77
2.4	62	77
2.4	63	49
2.4	64	109
2.4	65	115
2.4	66	38
2.4	67	102
2.4	68	53
2.4	69	66
2.4	70	108
2.4	71	102
2.4	72	101
2.4	73	14
2.4	74	19
2.4	75	44
2.4	76	62
2.4	77	40
2.4	78	68
2.4	79	115
2.4	80	94
2.4	81	79
2.4	82	28
2.4	83	14
2.4	84	84
2.4	85	15
2.4	86	72
2.4	87	88
2.4	88	46
2.4	89	27
2.4	90	104
2.4	91	85
2.4	92	103
2.4	93	33
2.4	94	114
2.4	95	106
2.4	96	43
2.4	97	119
2.4	98	112
2.4	99	41
2.4	100	69
2.4	101	144
2.4	102	83
2.4	103	117
2.4	104	28
2.4	105	51
2.4	106	34
2.4	107	72
2.4	108	140
2.4	109	143
2.4	110	112
2.4	111	83
2.4	112	125
2.4	113	47
2.4	114	32
2.4	115	91
2.45	0	386
2.45	1	541
2.45	2	980
2.45	3	217
2.45	4	257
2.45	5	370
2.45	6	265
2.45	7	212
2.45	8	246
2.45	9	527
2.45	10	334
2.45	11	1329
2.45	12	153
2.45	13	674
2.45	14	265
2.45	15	564
2.45	16	43
2.45	17	54
2.45	18	137
2.45	19	79
2.45	20	112
2.45	21	30
2.45	22	53
2.45	23	74
2.45	24	129
2.45	25	90
2.45	26	75
2.45	27	37
2.45	28	59
2.45	29	94
2.45	30	11
2.45	31	54
2.45	32	101
2.45	33	18
2.45	34	75
2.45	35	137
2.45	36	36
2.45	37	63
2.45	38	61
2.45	39	92
2.45	40	143
2.45	41	63
2.45	42	51
2.45	43	100
2.45	44	30
2.45	45	57
2.45	46	130
2.45	47	135
2.45	48	111
2.45	49	58
2.45	50	74
2.45	51	119
2.45	52	73
2.45	53	67
2.45	54	102
2.45	55	71
2.45	56	45
2.45	57	120
2.45	58	94
2.45	59	142
2.45	60	36
2.45	61	81
2.45	62	77
2.45	63	12
2.45	64	84
2.45	65	89
2.45	66	73
2.45	67	162
2.45	68	25
2.45	69	149
2.45	70	32
2.45	71	52
2.45	72	46
2.45	73	54
2.45	74	39
2.45	75	17
2.45	76	69
2.45	77	71
2.45	78	98
2.45	79	174
2.45	80	76
2.45	81	44
2.45	82	59
2.45	83	16
2.45	84	74
2.45	85	10
2.45	86	58
2.45	87	49
2.45	88	53
2.45	89	76
2.45	90	90
2.45	91	74
2.45	92	152
2.45	93	76
2.45	94	70
2.45	95	61
2.45	96	60
2.45	97	118
2.45	98	68
2.45	99	42
2.45	100	32
2.45	101	97
2.45	102	83
2.45	103	80
2.45	104	80
2.45	105	70
2.45	106	60
2.45	107	81
2.45	108	31
2.45	109	67
2.45	110	87
2.45	111	44
2.45	112	175
2.45	113	72
2.45	114	66
2.45	115	102
2.5	0	391
2.5	1	468
2.5	2	1132
2.5	3	299
2.5	4	224
2.5	5	425
2.5	6	350
2.5	7	222
2.5	8	314
2.5	9	563
2.5	10	412
2.5	11	1464
2.5	12	191
2.5	13	652
2.5	14	236
2.5	15	680
2.5	16	23
2.5	17	40
2.5	18	112
2.5	19	87
2.5	20	46
2.5	21	15
2.5	22	97
2.5	23	120
2.5	24	52
2.5	25	85
2.5	26	76
2.5	27	28
2.5	28	50
2.5	29	213
2.5	30	13
2.5	31	134
2.5	32	95
2.5	33	71
2.5	34	126
2.5	35	78
2.5	36	53
2.5	37	62
2.5	38	28
2.5	39	78
2.5	40	35
2.5	41	56
2.5	42	32
2.5	43	99
2.5	44	33
2.5	45	56
2.5	46	110
2.5	47	121
2.5	48	124
2.5	49	51
2.5	50	151
2.5	51	177
2.5	52	36
2.5	53	43
2.5	54	71
2.5	55	93
2.5	56	80
2.5	57	124
2.5	58	90
2.5	59	124
2.5	60	69
2.5	61	154
2.5	62	137
2.5	63	51
2.5	64	70
2.5	65	45
2.5	66	84
2.5	67	76
2.5	68	68
2.5	69	73
2.5	70	21
2.5	71	99
2.5	72	65
2.5	73	58
2.5	74	47
2.5	75	36
2.5	76	76
2.5	77	101
2.5	78	77
2.5	79	93
2.5	80	94
2.5	81	117
2.5	82	57
2.5	83	16
2.5	84	84
2.5	85	31
2.5	86	85
2.5	87	43
2.5	88	88
2.5	89	132
2.5	90	102
2.5	91	54
2.5	92	156
2.5	93	135
2.5	94	157
2.5	95	76
2.5	96	38
2.5	97	76
2.5	98	80
2.5	99	38
2.5	100	42
2.5	101	84
2.5	102	128
2.5	103	42
2.5	104	25
2.5	105	36
2.5	106	52
2.5	107	65
2.5	108	172
2.5	109	69
2.5	110	68
2.5	111	98
2.5	112	99
2.5	113	59
2.5	114	78
2.5	115	128
2.55	0	345
2.55	1	475
2.55	2	944
2.55	3	298
2.55	4	328
2.55	5	554
2.55	6	220
2.55	7	237
2.55	8	363
2.55	9	550
2.55	10	452
2.55	11	1148
2.55	12	219
2.55	13	655
2.55	14	249
2.55	15	769
2.55	16	42
2.55	17	75
2.55	18	40
2.55	19	52
2.55	20	99
2.55	21	1
2.55	22	154
2.55	23	129
2.55	24	85
2.55	25	115
2.55	26	76
2.55	27	39
2.55	28	16
2.55	29	91
2.55	30	92
2.55	31	70
2.55	32	139
2.55	33	73
2.55	34	78
2.55	35	1
2.55	36	68
2.55	37	37
2.55	38	76
2.55	39	50
2.55	40	105
2.55	41	53
2.55	42	71
2.55	43	107
2.55	44	41
2.55	45	98
2.55	46	128
2.55	47	54
2.55	48	98
2.55	49	50
2.55	50	137
2.55	51	104
2.55	52	78
2.55	53	93
2.55	54	66
2.55	55	121
2.55	56	56
2.55	57	173
2.55	58	56
2.55	59	67
2.55	60	41
2.55	61	98
2.55	62	57
2.55	63	54
2.55	64	64
2.55	65	127
2.55	66	168
2.55	67	58
2.55	68	128
2.55	69	87
2.55	70	42
2.55	71	117
2.55	72	59
2.55	73	40
2.55	74	19
2.55	75	55
2.55	76	90
2.55	77	110
2.55	78	106
2.55	79	41
2.55	80	161
2.55	81	89
2.55	82	97
2.55	83	15
2.55	84	90
2.55	85	31
2.55	86	129
2.55	87	52
2.55	88	73
2.55	89	54
2.55	90	117
2.55	91	54
2.55	92	104
2.55	93	37
2.55	94	62
2.55	95	33
2.55	96	49
2.55	97	76
2.55	98	89
2.55	99	48
2.55	100	24
2.55	101	77
2.55	102	26
2.55	103	85
2.55	104	27
2.55	105	144
2.55	106	55
2.55	107	104
2.55	108	126
2.55	109	86
2.55	110	134
2.55	111	91
2.55	112	189
2.55	113	65
2.55	114	54
2.55	115	35
2.6	0	307
2.6	1	535
2.6	2	1001
2.6	3	290
2.6	4	153
2.6	5	538
2.6	6	190
2.6	7	293
2.6	8	353
2.6	9	538
2.6	10	458
2.6	11	1104
2.6	12	248
2.6	13	536
2.6	14	277
2.6	15	666
2.6	16	50
2.6	17	66
2.6	18	98
2.6	19	18
2.6	20	55
2.6	21	71
2.6	22	121
2.6	23	108
2.6	24	98
2.6	25	113
2.6	26	60
2.6	27	28
2.6	28	93
2.6	29	156
2.6	30	79
2.6	31	58
2.6	32	91
2.6	33	85
2.6	34	22
2.6	35	1
2.6	36	97
2.6	37	24
2.6	38	79
2.6	39	53
2.6	40	106
2.6	41	90
2.6	42	37
2.6	43	62
2.6	44	25
2.6	45	85
2.6	46	62
2.6	47	86
2.6	48	126
2.6	49	65
2.6	50	101
2.6	51	105
2.6	52	35
2.6	53	71
2.6	54	98
2.6	55	58
2.6	56	95
2.6	57	73
2.6	58	25
2.6	59	55
2.6	60	87
2.6	61	119
2.6	62	61
2.6	63	63
2.6	64	98
2.6	65	67
2.6	66	87
2.6	67	65
2.6	68	65
2.6	69	163
2.6	70	158
2.6	71	79
2.6	72	39
2.6	73	72
2.6	74	103
2.6	75	80
2.6	76	105
2.6	77	87
2.6	78	101
2.6	79	83
2.6	80	102
2.6	81	68
2.6	82	100
2.6	83	18
2.6	84	70
2.6	85	102
2.6	86	76
2.6	87	73
2.6	88	85
2.6	89	86
2.6	90	122
2.6	91	105
2.6	92	52
2.6	93	58
2.6	94	47
2.6	95	63
2.6	96	107
2.6	97	89
2.6	98	70
2.6	99	26
2.6	100	33
2.6	101	47
2.6	102	79
2.6	103	106
2.6	104	44
2.6	105	70
2.6	106	102
2.6	107	68
2.6	108	119
2.6	109	101
2.6	110	109
2.6	111	123
2.6	112	141
2.6	113	140
2.6	114	47
2.6	115	64
2.65	0	294
2.65	1	703
2.65	2	969
2.65	3	281
2.65	4	216
2.65	5	438
2.65	6	203
2.65	7	274
2.65	8	410
2.65	9	523
2.65	10	457
2.65	11	1298
2.65	12	158
2.65	13	651
2.65	14	335
2.65	15	526
2.65	16	19
2.65	17	65
2.65	18	120
2.65	19	81
2.65	20	93
2.65	21	107
2.65	22	50
2.65	23	64
2.65	24	77
2.65	25	88
2.65	26	25
2.65	27	6
2.65	28	58
2.65	29	117
2.65	30	57
2.65	31	92
2.65	32	68
2.65	33	99
2.65	34	18
2.65	35	2
2.65	36	164
2.65	37	63
2.65	38	60
2.65	39	109
2.65	40	143
2.65	41	158
2.65	42	48
2.65	43	93
2.65	44	41
2.65	45	73
2.65	46	104
2.65	47	196
2.65	48	151
2.65	49	70
2.65	50	101
2.65	51	93
2.65	52	70
2.65	53	19
2.65	54	53
2.65	55	65
2.65	56	39
2.65	57	49
2.65	58	107
2.65	59	74
2.65	60	71
2.65	61	144
2.65	62	50
2.65	63	82
2.65	64	139
2.65	65	68
2.65	66	61
2.65	67	46
2.65	68	52
2.65	69	135
2.65	70	103
2.65	71	70
2.65	72	27
2.65	73	118
2.65	74	76
2.65	75	91
2.65	76	105
2.65	77	81
2.65	78	64
2.65	79	102
2.65	80	173
2.65	81	70
2.65	82	91
2.65	83	46
2.65	84	72
2.65	85	110
2.65	86	49
2.65	87	64
2.65	88	93
2.65	89	33
2.65	90	74
2.65	91	74
2.65	92	110
2.65	93	124
2.65	94	69
2.65	95	62
2.65	96	127
2.65	97	51
2.65	98	81
2.65	99	75
2.65	100	78
2.65	101	119
2.65	102	71
2.65	103	102
2.65	104	39
2.65	105	45
2.65	106	64
2.65	107	100
2.65	108	66
2.65	109	89
2.65	110	21
2.65	111	92
2.65	112	69
2.65	113	151
2.65	114	95
2.65	115	53
2.7	0	287
2.7	1	452
2.7	2	985
2.7	3	253
2.7	4	237
2.7	5	419
2.7	6	297
2.7	7	179
2.7	8	278
2.7	9	690
2.7	10	567
2.7	11	1068
2.7	12	190
2.7	13	643
2.7	14	322
2.7	15	463
2.7	16	48
2.7	17	47
2.7	18	72
2.7	19	37
2.7	20	102
2.7	21	101
2.7	22	152
2.7	23	80
2.7	24	104
2.7	25	75
2.7	26	60
2.7	27	4
2.7	28	99
2.7	29	88
2.7	30	25
2.7	31	18
2.7	32	27
2.7	33	123
2.7	34	18
2.7	35	56
2.7	36	55
2.7	37	65
2.7	38	37
2.7	39	64
2.7	40	61
2.7	41	83
2.7	42	63
2.7	43	61
2.7	44	86
2.7	45	43
2.7	46	65
2.7	47	78
2.7	48	71
2.7	49	81
2.7	50	38
2.7	51	60
2.7	52	136
2.7	53	30
2.7	54	50
2.7	55	94
2.7	56	104
2.7	57	173
2.7	58	80
2.7	59	60
2.7	60	11
2.7	61	61
2.7	62	54
2.7	63	125
2.7	64	50
2.7	65	115
2.7	66	61
2.7	67	146
2.7	68	34
2.7	69	112
2.7	70	86
2.7	71	139
2.7	72	37
2.7	73	59
2.7	74	76
2.7	75	84
2.7	76	109
2.7	77	156
2.7	78	90
2.7	79	24
2.7	80	97
2.7	81	112
2.7	82	91
2.7	83	79
2.7	84	132
2.7	85	141
2.7	86	28
2.7	87	85
2.7	88	49
2.7	89	18
2.7	90	30
2.7	91	147
2.7	92	75
2.7	93	135
2.7	94	52
2.7	95	37
2.7	96	96
2.7	97	124
2.7	98	49
2.7	99	147
2.7	100	49
2.7	101	132
2.7	102	24
2.7	103	66
2.7	104	23
2.7	105	29
2.7	106	67
2.7	107	55
2.7	108	98
2.7	109	67
2.7	110	23
2.7	111	120
2.7	112	90
2.7	113	122
2.7	114	139
2.7	115	59
2.75	0	351
2.75	1	560
2.75	2	910
2.75	3	290
2.75	4	361
2.75	5	391
2.75	6	301
2.75	7	152
2.75	8	224
2.75	9	621
2.75	10	492
2.75	11	998
2.75	12	346
2.75	13	568
2.75	14	251
2.75	15	449
2.75	16	85
2.75	17	144
2.75	18	95
2.75	19	107
2.75	20	125
2.75	21	81
2.75	22	103
2.75	23	29
2.75	24	47
2.75	25	76
2.75	26	37
2.75	27	40
2.75	28	60
2.75	29	83
2.75	30	59
2.75	31	53
2.75	32	38
2.75	33	89
2.75	34	112
2.75	35	137
2.75	36	93
2.75	37	91
2.75	38	56
2.75	39	139
2.75	40	94
2.75	41	54
2.75	42	55
2.75	43	118
2.75	44	146
2.75	45	23
2.75	46	36
2.75	47	45
2.75	48	31
2.75	49	47
2.75	50	88
2.75	51	109
2.75	52	138
2.75	53	95
2.75	54	74
2.75	55	129
2.75	56	159
2.75	57	100
2.75	58	97
2.75	59	109
2.75	60	12
2.75	61	91
2.75	62	52
2.75	63	116
2.75	64	92
2.75	65	63
2.75	66	84
2.75	67	85
2.75	68	40
2.75	69	35
2.75	70	74
2.75	71	57
2.75	72	84
2.75	73	46
2.75	74	100
2.75	75	25
2.75	76	148
2.75	77	108
2.75	78	162
2.75	79	40
2.75	80	158
2.75	81	100
2.75	82	73
2.75	83	103
2.75	84	129
2.75	85	83
2.75	86	29
2.75	87	133
2.75	88	85
2.75	89	26
2.75	90	62
2.75	91	89
2.75	92	97
2.75	93	27
2.75	94	42
2.75	95	64
2.75	96	96
2.75	97	103
2.75	98	35
2.75	99	161
2.75	100	110
2.75	101	72
2.75	102	42
2.75	103	87
2.75	104	87
2.75	105	13
2.75	106	111
2.75	107	51
2.75	108	97
2.75	109	119
2.75	110	28
2.75	111	69
2.75	112	93
2.75	113	36
2.75	114	80
2.75	115	13
2.8	0	382
2.8	1	550
2.8	2	1055
2.8	3	315
2.8	4	297
2.8	5	572
2.8	6	226
2.8	7	107
2.8	8	272
2.8	9	806
2.8	10	562
2.8	11	1224
2.8	12	280
2.8	13	384
2.8	14	204
2.8	15	455
2.8	16	138
2.8	17	171
2.8	18	36
2.8	19	147
2.8	20	44
2.8	21	117
2.8	22	125
2.8	23	87
2.8	24	29
2.8	25	22
2.8	26	36
2.8	27	58
2.8	28	61
2.8	29	148
2.8	30	66
2.8	31	65
2.8	32	41
2.8	33	85
2.8	34	37
2.8	35	112
2.8	36	119
2.8	37	67
2.8	38	5
2.8	39	78
2.8	40	94
2.8	41	118
2.8	42	68
2.8	43	32
2.8	44	83
2.8	45	20
2.8	46	87
2.8	47	61
2.8	48	58
2.8	49	102
2.8	50	91
2.8	51	106
2.8	52	155
2.8	53	154
2.8	54	73
2.8	55	154
2.8	56	97
2.8	57	127
2.8	58	74
2.8	59	82
2.8	60	119
2.8	61	79
2.8	62	35
2.8	63	31
2.8	64	105
2.8	65	84
2.8	66	47
2.8	67	72
2.8	68	48
2.8	69	7
2.8	70	147
2.8	71	94
2.8	72	56
2.8	73	100
2.8	74	96
2.8	75	25
2.8	76	113
2.8	77	39
2.8	78	83
2.8	79	74
2.8	80	79
2.8	81	81
2.8	82	190
2.8	83	131
2.8	84	66
2.8	85	122
2.8	86	44
2.8	87	116
2.8	88	116
2.8	89	70
2.8	90	134
2.8	91	103
2.8	92	105
2.8	93	24
2.8	94	82
2.8	95	88
2.8	96	73
2.8	97	128
2.8	98	39
2.8	99	64
2.8	100	58
2.8	101	76
2.8	102	74
2.8	103	73
2.8	104	37
2.8	105	13
2.8	106	128
2.8	107	44
2.8	108	65
2.8	109	39
2.8	110	45
2.8	111	42
2.8	112	104
2.8	113	35
2.8	114	81
2.8	115	74
2.85	0	544
2.85	1	804
2.85	2	1380
2.85	3	441
2.85	4	427
2.85	5	635
2.85	6	266
2.85	7	140
2.85	8	360
2.85	9	820
2.85	10	499
2.85	11	1277
2.85	12	308
2.85	13	536
2.85	14	302
2.85	15	585
2.85	16	140
2.85	17	143
2.85	18	46
2.85	19	107
2.85	20	121
2.85	21	126
2.85	22	52
2.85	23	147
2.85	24	67
2.85	25	98
2.85	26	78
2.85	27	37
2.85	28	65
2.85	29	182
2.85	30	137
2.85	31	89
2.85	32	70
2.85	33	68
2.85	34	83
2.85	35	139
2.85	36	104
2.85	37	78
2.85	38	46
2.85	39	106
2.85	40	164
2.85	41	114
2.85	42	65
2.85	43	56
2.85	44	131
2.85	45	55
2.85	46	88
2.85	47	59
2.85	48	93
2.85	49	151
2.85	50	74
2.85	51	115
2.85	52	217
2.85	53	94
2.85	54	45
2.85	55	108
2.85	56	123
2.85	57	45
2.85	58	161
2.85	59	90
2.85	60	125
2.85	61	124
2.85	62	64
2.85	63	65
2.85	64	119
2.85	65	85
2.85	66	98
2.85	67	33
2.85	68	52
2.85	69	11
2.85	70	149
2.85	71	71
2.85	72	49
2.85	73	123
2.85	74	51
2.85	75	78
2.85	76	174
2.85	77	58
2.85	78	95
2.85	79	57
2.85	80	182
2.85	81	116
2.85	82	67
2.85	83	86
2.85	84	143
2.85	85	160
2.85	86	27
2.85	87	107
2.85	88	98
2.85	89	64
2.85	90	125
2.85	91	98
2.85	92	78
2.85	93	39
2.85	94	65
2.85	95	117
2.85	96	54
2.85	97	103
2.85	98	35
2.85	99	93
2.85	100	162
2.85	101	79
2.85	102	47
2.85	103	78
2.85	104	109
2.85	105	27
2.85	106	142
2.85	107	15
2.85	108	103
2.85	109	62
2.85	110	88
2.85	111	120
2.85	112	104
2.85	113	54
2.85	114	68
2.85	115	67
2.9	0	661
2.9	1	738
2.9	2	1329
2.9	3	557
2.9	4	383
2.9	5	784
2.9	6	194
2.9	7	219
2.9	8	361
2.9	9	765
2.9	10	468
2.9	11	1375
2.9	12	194
2.9	13	488
2.9	14	304
2.9	15	366
2.9	16	78
2.9	17	71
2.9	18	58
2.9	19	85
2.9	20	107
2.9	21	135
2.9	22	73
2.9	23	117
2.9	24	40
2.9	25	131
2.9	26	142
2.9	27	58
2.9	28	96
2.9	29	168
2.9	30	159
2.9	31	76
2.9	32	140
2.9	33	130
2.9	34	154
2.9	35	161
2.9	36	160
2.9	37	135
2.9	38	44
2.9	39	36
2.9	40	125
2.9	41	200
2.9	42	42
2.9	43	30
2.9	44	157
2.9	45	64
2.9	46	50
2.9	47	43
2.9	48	71
2.9	49	92
2.9	50	130
2.9	51	112
2.9	52	131
2.9	53	49
2.9	54	80
2.9	55	134
2.9	56	139
2.9	57	100
2.9	58	187
2.9	59	92
2.9	60	66
2.9	61	64
2.9	62	53
2.9	63	40
2.9	64	125
2.9	65	108
2.9	66	77
2.9	67	58
2.9	68	79
2.9	69	34
2.9	70	77
2.9	71	82
2.9	72	55
2.9	73	91
2.9	74	100
2.9	75	126
2.9	76	160
2.9	77	79
2.9	78	35
2.9	79	102
2.9	80	113
2.9	81	83
2.9	82	98
2.9	83	36
2.9	84	53
2.9	85	117
2.9	86	46
2.9	87	127
2.9	88	28
2.9	89	91
2.9	90	200
2.9	91	98
2.9	92	70
2.9	93	91
2.9	94	87
2.9	95	99
2.9	96	21
2.9	97	33
2.9	98	39
2.9	99	14
2.9	100	129
2.9	101	81
2.9	102	86
2.9	103	151
2.9	104	124
2.9	105	42
2.9	106	51
2.9	107	84
2.9	108	81
2.9	109	92
2.9	110	71
2.9	111	103
2.9	112	94
2.9	113	5
2.9	114	80
2.9	115	63
2.95	0	622
2.95	1	706
2.95	2	1230
2.95	3	338
2.95	4	317
2.95	5	509
2.95	6	299
2.95	7	144
2.95	8	169
2.95	9	582
2.95	10	551
2.95	11	1347
2.95	12	214
2.95	13	527
2.95	14	177
2.95	15	522
2.95	16	130
2.95	17	106
2.95	18	55
2.95	19	93
2.95	20	79